step: 0
1 2 5 
3 0 6 
7 4 8 
step: 1
1 2 5 
0 3 6 
7 4 8 
step: 2
1 2 5 
3 4 6 
7 0 8 
step: 3
1 2 5 
3 4 6 
7 8 0 
step: 4
1 2 5 
3 6 0 
7 4 8 
step: 5
1 0 5 
3 2 6 
7 4 8 
step: 6
1 2 5 
3 0 6 
7 4 8 
step: 7
0 2 5 
1 3 6 
7 4 8 
step: 8
1 2 5 
3 0 6 
7 4 8 
step: 9
1 2 5 
3 4 6 
0 7 8 
step: 10
1 2 5 
0 3 6 
7 4 8 
step: 11
1 2 5 
3 4 6 
7 0 8 
step: 12
1 2 5 
0 3 6 
7 4 8 
step: 13
1 2 5 
3 4 6 
7 0 8 
step: 14
1 2 5 
3 0 6 
7 4 8 
step: 15
1 2 5 
3 4 6 
7 8 0 
step: 16
1 2 5 
0 3 6 
7 4 8 
step: 17
1 2 5 
3 4 6 
7 0 8 
step: 18
1 5 0 
3 2 6 
7 4 8 
step: 19
1 2 5 
0 3 6 
7 4 8 
step: 20
1 2 5 
3 4 6 
7 0 8 
step: 21
1 2 0 
3 6 5 
7 4 8 
step: 22
1 2 5 
3 4 6 
7 8 0 
step: 23
1 2 5 
3 4 6 
7 8 0 
step: 24
1 2 5 
3 4 0 
7 8 6 
step: 25
1 2 5 
7 3 6 
0 4 8 
step: 26
1 2 0 
3 4 5 
7 8 6 
step: 27
1 2 5 
7 3 6 
4 0 8 
step: 28
1 2 5 
3 4 6 
7 8 0 
step: 29
1 2 5 
3 4 6 
7 8 0 
step: 30
1 2 5 
3 0 6 
7 4 8 
step: 31
1 2 5 
3 4 6 
7 0 8 
step: 32
1 2 5 
0 3 6 
7 4 8 
step: 33
1 2 5 
0 3 6 
7 4 8 
step: 34
1 2 5 
3 4 6 
7 8 0 
step: 35
1 2 5 
3 4 6 
7 0 8 
step: 36
1 2 5 
7 3 6 
4 8 0 
step: 37
1 2 5 
3 4 6 
7 8 0 
step: 38
1 2 5 
3 6 0 
7 4 8 
step: 39
1 2 5 
7 3 0 
4 8 6 
step: 40
1 2 5 
3 4 6 
7 0 8 
step: 41
1 2 5 
7 3 6 
4 0 8 
step: 42
0 1 5 
3 2 6 
7 4 8 
step: 43
1 2 5 
3 4 6 
0 7 8 
step: 44
1 2 5 
7 3 6 
0 4 8 
step: 45
1 2 5 
3 0 6 
7 4 8 
step: 46
1 2 5 
3 4 6 
0 7 8 
step: 47
1 2 5 
3 4 6 
7 0 8 
step: 48
1 2 5 
7 3 6 
0 4 8 
step: 49
0 2 5 
1 3 6 
7 4 8 
step: 50
1 2 5 
7 3 6 
0 4 8 
step: 51
1 2 5 
3 4 6 
7 0 8 
step: 52
1 0 2 
3 6 5 
7 4 8 
step: 53
0 2 5 
1 3 6 
7 4 8 
step: 54
1 2 5 
0 3 6 
7 4 8 
step: 55
1 2 5 
3 4 6 
7 0 8 
step: 56
1 2 5 
3 0 6 
7 4 8 
step: 57
1 2 5 
3 4 6 
7 0 8 
step: 58
1 2 0 
3 6 5 
7 4 8 
step: 59
1 2 5 
3 4 6 
7 0 8 
step: 60
1 2 5 
0 3 6 
7 4 8 
step: 61
1 2 5 
3 4 6 
0 7 8 
step: 62
1 2 5 
3 0 6 
7 4 8 
step: 63
1 2 5 
3 4 0 
7 8 6 
step: 64
1 2 5 
3 4 0 
7 8 6 
step: 65
1 2 5 
3 4 6 
7 8 0 
step: 66
1 2 5 
3 0 4 
7 8 6 
step: 67
1 2 5 
0 3 6 
7 4 8 
step: 68
1 0 5 
3 2 6 
7 4 8 
step: 69
1 2 5 
3 4 6 
7 0 8 
step: 70
1 2 5 
7 3 6 
0 4 8 
step: 71
2 0 5 
1 3 6 
7 4 8 
step: 72
1 2 5 
7 3 6 
0 4 8 
step: 73
1 2 5 
3 0 6 
7 4 8 
step: 74
0 2 5 
1 3 6 
7 4 8 
step: 75
1 0 5 
3 2 6 
7 4 8 
step: 76
1 2 5 
3 0 6 
7 4 8 
step: 77
1 2 5 
3 0 6 
7 4 8 
step: 78
0 2 5 
1 3 6 
7 4 8 
step: 79
1 2 5 
0 3 6 
7 4 8 
step: 80
1 2 5 
7 0 3 
4 8 6 
step: 81
1 2 5 
0 3 6 
7 4 8 
step: 82
1 2 5 
0 3 6 
7 4 8 
step: 83
1 2 5 
0 3 6 
7 4 8 
step: 84
1 5 6 
3 2 0 
7 4 8 
step: 85
1 2 5 
3 4 6 
7 0 8 
step: 86
1 2 5 
0 4 6 
3 7 8 
step: 87
1 2 5 
3 4 6 
7 0 8 
step: 88
1 2 5 
7 3 6 
4 8 0 
step: 89
1 2 0 
3 4 5 
7 8 6 
step: 90
1 5 0 
3 2 6 
7 4 8 
step: 91
1 2 5 
3 4 6 
0 7 8 
step: 92
1 2 5 
3 4 6 
7 8 0 
step: 93
1 2 5 
3 0 6 
7 4 8 
step: 94
1 2 5 
7 3 6 
4 0 8 
step: 95
1 2 5 
3 0 6 
7 4 8 
step: 96
1 2 5 
3 4 6 
7 8 0 
step: 97
1 5 0 
3 2 6 
7 4 8 
step: 98
1 2 5 
7 3 6 
0 4 8 
step: 99
1 2 5 
3 0 6 
7 4 8 
step: 100
1 2 5 
3 4 6 
7 0 8 
step: 101
1 2 5 
3 6 0 
7 4 8 
step: 102
1 0 5 
3 2 6 
7 4 8 
step: 103
0 2 5 
1 3 6 
7 4 8 
step: 104
1 2 5 
3 4 6 
7 0 8 
step: 105
1 2 5 
3 4 6 
7 8 0 
step: 106
1 2 5 
3 4 6 
7 0 8 
step: 107
1 2 5 
4 0 6 
3 7 8 
step: 108
1 2 5 
3 4 0 
7 8 6 
step: 109
1 2 5 
0 3 6 
7 4 8 
step: 110
1 2 5 
3 4 0 
7 8 6 
step: 111
1 2 5 
3 4 6 
7 8 0 
step: 112
1 2 5 
0 3 6 
7 4 8 
step: 113
1 2 5 
3 4 6 
7 8 0 
step: 114
1 2 5 
0 3 6 
7 4 8 
step: 115
1 0 5 
3 2 6 
7 4 8 
step: 116
1 2 5 
7 3 6 
0 4 8 
step: 117
1 2 5 
3 4 6 
7 8 0 
step: 118
1 2 5 
7 3 6 
4 8 0 
step: 119
1 2 5 
3 4 6 
7 8 0 
step: 120
0 2 5 
1 3 6 
7 4 8 
step: 121
1 2 5 
3 6 0 
7 4 8 
step: 122
1 2 5 
0 3 6 
7 4 8 
step: 123
1 2 5 
7 3 6 
4 0 8 
step: 124
1 2 5 
0 3 6 
7 4 8 
step: 125
1 2 5 
0 3 6 
7 4 8 
step: 126
1 2 5 
7 0 6 
4 3 8 
step: 127
1 2 5 
0 3 6 
7 4 8 
step: 128
1 2 5 
3 0 6 
7 4 8 
step: 129
1 2 5 
3 0 6 
7 4 8 
step: 130
1 2 5 
3 6 0 
7 4 8 
step: 131
1 2 5 
7 3 6 
4 0 8 
step: 132
1 2 0 
3 4 5 
7 8 6 
step: 133
1 2 5 
7 3 6 
4 8 0 
step: 134
1 2 5 
3 4 6 
7 0 8 
step: 135
1 2 5 
3 0 6 
7 4 8 
step: 136
1 2 5 
7 3 6 
4 8 0 
step: 137
1 5 0 
3 2 6 
7 4 8 
step: 138
1 2 5 
3 4 6 
7 0 8 
step: 139
1 2 5 
3 4 6 
7 8 0 
step: 140
1 0 5 
3 2 6 
7 4 8 
step: 141
1 2 5 
3 0 6 
7 4 8 
step: 142
1 2 5 
0 3 6 
7 4 8 
step: 143
1 2 0 
3 6 5 
7 4 8 
step: 144
1 5 0 
3 2 6 
7 4 8 
step: 145
1 2 5 
3 4 6 
7 8 0 
step: 146
1 2 5 
3 4 6 
7 0 8 
step: 147
1 2 5 
3 4 6 
0 7 8 
step: 148
1 5 0 
3 2 6 
7 4 8 
step: 149
3 1 5 
0 2 6 
7 4 8 
step: 150
1 5 0 
3 2 6 
7 4 8 
step: 151
1 2 5 
3 4 6 
7 0 8 
step: 152
1 2 5 
3 4 0 
7 8 6 
step: 153
1 2 5 
3 4 6 
7 0 8 
step: 154
1 2 5 
3 0 6 
7 4 8 
step: 155
1 2 5 
3 4 6 
7 0 8 
step: 156
1 2 5 
3 4 6 
7 8 0 
step: 157
1 2 0 
3 4 5 
7 8 6 
step: 158
1 2 5 
7 3 6 
4 0 8 
step: 159
1 2 5 
3 4 6 
7 0 8 
step: 160
1 2 5 
0 3 6 
7 4 8 
step: 161
1 2 5 
3 4 6 
0 7 8 
step: 162
1 2 5 
3 4 6 
7 8 0 
step: 163
1 2 5 
0 3 6 
7 4 8 
step: 164
1 2 0 
3 6 5 
7 4 8 
step: 165
1 2 5 
3 4 6 
7 0 8 
step: 166
1 2 5 
3 0 6 
7 4 8 
step: 167
1 2 0 
3 6 5 
7 4 8 
step: 168
1 2 5 
0 3 6 
7 4 8 
step: 169
1 2 5 
0 3 6 
7 4 8 
step: 170
1 2 5 
3 4 6 
7 8 0 
step: 171
1 2 5 
3 0 6 
7 4 8 
step: 172
2 3 5 
1 0 6 
7 4 8 
step: 173
1 2 5 
3 6 0 
7 4 8 
step: 174
1 2 5 
0 3 6 
7 4 8 
step: 175
1 2 5 
3 4 6 
7 0 8 
step: 176
1 2 5 
3 4 6 
7 8 0 
step: 177
2 3 5 
1 4 6 
7 0 8 
step: 178
1 2 0 
3 6 5 
7 4 8 
step: 179
1 2 0 
7 3 5 
4 8 6 
step: 180
1 2 5 
3 4 0 
7 8 6 
step: 181
1 2 5 
3 4 6 
7 0 8 
step: 182
1 2 5 
3 4 6 
0 7 8 
step: 183
1 2 5 
0 3 6 
7 4 8 
step: 184
1 2 5 
3 4 0 
7 8 6 
step: 185
1 2 5 
7 3 6 
4 0 8 
step: 186
1 2 5 
0 3 6 
7 4 8 
step: 187
1 2 5 
7 3 6 
4 8 0 
step: 188
1 2 5 
3 4 6 
7 8 0 
step: 189
1 2 5 
7 3 6 
4 0 8 
step: 190
1 2 5 
3 4 6 
7 8 0 
step: 191
1 2 5 
0 3 6 
7 4 8 
step: 192
1 2 5 
3 4 6 
7 8 0 
step: 193
2 5 0 
1 3 6 
7 4 8 
step: 194
1 2 5 
0 3 6 
7 4 8 
step: 195
1 2 5 
3 0 6 
7 4 8 
step: 196
1 0 5 
3 2 6 
7 4 8 
step: 197
1 2 5 
3 4 6 
7 8 0 
step: 198
1 2 0 
3 4 5 
7 8 6 
step: 199
1 2 5 
3 4 6 
7 8 0 
step: 200
1 2 5 
3 4 6 
7 0 8 
step: 201
1 2 5 
0 3 6 
7 4 8 
step: 202
1 2 5 
0 3 6 
7 4 8 
step: 203
1 2 0 
3 4 5 
7 8 6 
step: 204
1 2 5 
0 3 6 
7 4 8 
step: 205
1 2 5 
3 0 6 
7 4 8 
step: 206
1 2 5 
3 4 6 
7 0 8 
step: 207
1 5 0 
3 2 6 
7 4 8 
step: 208
1 2 5 
3 4 6 
7 0 8 
step: 209
1 2 5 
0 3 6 
7 4 8 
step: 210
1 2 5 
3 4 6 
7 0 8 
step: 211
1 2 5 
3 4 6 
7 0 8 
step: 212
1 2 5 
0 3 6 
7 4 8 
step: 213
1 2 0 
3 4 5 
7 8 6 
step: 214
1 2 5 
3 4 6 
7 0 8 
step: 215
1 2 5 
3 4 6 
7 8 0 
step: 216
1 2 5 
3 4 6 
7 8 0 
step: 217
1 2 5 
3 4 6 
7 8 0 
step: 218
1 2 5 
3 4 6 
7 8 0 
step: 219
1 2 5 
3 4 6 
7 8 0 
step: 220
1 2 5 
0 3 6 
7 4 8 
step: 221
1 2 5 
3 4 6 
7 0 8 
step: 222
0 2 5 
1 3 6 
7 4 8 
step: 223
1 2 5 
3 4 0 
7 8 6 
step: 224
1 2 5 
3 0 6 
7 4 8 
step: 225
1 2 5 
0 3 6 
7 4 8 
step: 226
1 2 5 
3 4 6 
7 8 0 
step: 227
1 2 0 
3 4 5 
7 8 6 
step: 228
1 2 5 
3 4 6 
7 8 0 
step: 229
1 2 5 
3 6 8 
7 4 0 
step: 230
1 2 5 
7 3 6 
4 8 0 
step: 231
1 2 5 
3 4 6 
7 8 0 
step: 232
1 2 5 
3 4 6 
7 0 8 
step: 233
1 2 5 
3 4 6 
7 8 0 
step: 234
1 2 5 
3 4 6 
7 0 8 
step: 235
1 2 5 
0 3 4 
7 8 6 
step: 236
1 2 5 
3 4 6 
7 8 0 
step: 237
1 2 5 
3 4 6 
7 8 0 
step: 238
1 2 5 
3 4 6 
7 8 0 
step: 239
1 2 0 
3 6 5 
7 4 8 
step: 240
1 2 5 
3 4 6 
7 8 0 
step: 241
1 2 5 
7 3 6 
4 8 0 
step: 242
1 2 5 
3 4 0 
7 8 6 
step: 243
1 2 5 
3 4 6 
7 0 8 
step: 244
1 2 0 
3 4 5 
7 8 6 
step: 245
1 2 5 
3 4 6 
7 8 0 
step: 246
1 2 5 
3 4 6 
7 8 0 
step: 247
2 3 5 
1 4 6 
7 8 0 
step: 248
1 2 5 
3 4 6 
7 0 8 
step: 249
1 2 5 
3 4 6 
7 8 0 
step: 250
1 2 5 
3 4 6 
7 8 0 
step: 251
1 2 5 
3 4 6 
7 8 0 
step: 252
1 2 5 
3 4 6 
7 8 0 
step: 253
1 2 5 
0 3 6 
7 4 8 
step: 254
1 2 0 
3 4 5 
7 8 6 
step: 255
1 2 5 
3 4 6 
7 8 0 
step: 256
1 2 5 
3 0 6 
7 4 8 
step: 257
1 0 2 
3 4 5 
7 8 6 
step: 258
1 2 5 
0 3 6 
7 4 8 
step: 259
1 2 5 
3 4 6 
7 0 8 
step: 260
1 2 5 
3 4 6 
7 8 0 
step: 261
1 2 0 
3 4 5 
7 8 6 
step: 262
1 2 5 
3 0 6 
7 4 8 
step: 263
1 2 5 
3 4 6 
7 8 0 
step: 264
1 2 5 
0 3 6 
7 4 8 
step: 265
1 2 5 
0 3 6 
7 4 8 
step: 266
1 2 5 
7 3 6 
4 0 8 
step: 267
1 2 5 
3 0 6 
7 4 8 
step: 268
1 2 5 
3 4 6 
7 8 0 
step: 269
1 2 5 
0 3 6 
7 4 8 
step: 270
1 2 5 
7 3 6 
4 0 8 
step: 271
1 2 5 
7 3 6 
4 8 0 
step: 272
1 2 5 
3 4 6 
7 0 8 
step: 273
1 2 5 
3 4 6 
7 0 8 
step: 274
1 2 5 
3 4 6 
7 8 0 
step: 275
1 2 5 
3 6 0 
7 4 8 
step: 276
1 2 5 
3 4 6 
7 8 0 
step: 277
1 2 5 
3 4 6 
7 8 0 
step: 278
1 2 5 
3 0 6 
7 4 8 
step: 279
1 2 5 
3 0 6 
7 4 8 
step: 280
1 2 5 
0 3 6 
7 4 8 
step: 281
1 2 5 
0 3 6 
7 4 8 
step: 282
1 2 5 
3 4 6 
7 0 8 
step: 283
1 2 0 
3 6 5 
7 4 8 
step: 284
1 2 5 
7 3 6 
4 8 0 
step: 285
1 2 5 
3 4 6 
7 8 0 
step: 286
1 2 5 
7 3 6 
4 8 0 
step: 287
1 2 5 
3 4 6 
7 0 8 
step: 288
1 2 5 
3 4 6 
7 8 0 
step: 289
1 2 5 
7 0 6 
4 3 8 
step: 290
1 2 5 
3 4 6 
7 0 8 
step: 291
1 2 5 
3 0 6 
7 4 8 
step: 292
1 2 5 
3 4 6 
0 7 8 
step: 293
1 2 5 
7 3 6 
0 4 8 
step: 294
1 2 5 
3 4 6 
7 0 8 
step: 295
1 2 5 
3 4 6 
7 0 8 
step: 296
1 2 5 
0 4 6 
3 7 8 
step: 297
1 2 5 
3 4 6 
0 7 8 
step: 298
1 2 5 
3 4 0 
7 8 6 
step: 299
2 0 5 
1 3 6 
7 4 8 
step: 300
1 2 5 
3 4 0 
7 8 6 
step: 301
1 2 5 
7 3 0 
4 8 6 
step: 302
1 2 5 
7 6 0 
4 3 8 
step: 303
1 2 5 
3 4 0 
7 8 6 
step: 304
1 2 5 
3 4 6 
0 7 8 
step: 305
1 0 5 
3 2 6 
7 4 8 
step: 306
1 0 5 
3 2 6 
7 4 8 
step: 307
1 2 5 
7 3 6 
0 4 8 
step: 308
1 0 5 
3 2 6 
7 4 8 
step: 309
1 2 5 
3 4 0 
7 8 6 
step: 310
1 2 5 
7 3 6 
4 8 0 
step: 311
0 1 5 
3 2 6 
7 4 8 
step: 312
1 2 5 
7 3 6 
0 4 8 
step: 313
1 2 5 
3 4 0 
7 8 6 
step: 314
1 2 5 
3 4 6 
7 0 8 
step: 315
0 2 5 
1 3 6 
7 4 8 
step: 316
1 2 5 
3 0 6 
7 4 8 
step: 317
1 2 5 
3 0 6 
7 4 8 
step: 318
1 2 5 
7 3 6 
0 4 8 
step: 319
1 2 5 
3 4 0 
7 8 6 
step: 320
1 2 5 
3 0 6 
7 4 8 
step: 321
1 0 5 
3 2 6 
7 4 8 
step: 322
1 2 5 
7 3 6 
0 4 8 
step: 323
0 2 5 
1 3 6 
7 4 8 
step: 324
1 2 5 
7 3 6 
0 4 8 
step: 325
1 2 5 
3 4 0 
7 8 6 
step: 326
1 2 5 
3 4 0 
7 8 6 
step: 327
1 0 2 
3 6 5 
7 4 8 
step: 328
1 5 6 
3 0 2 
7 4 8 
step: 329
1 2 5 
3 4 0 
7 8 6 
step: 330
1 0 2 
3 6 5 
7 4 8 
step: 331
1 2 5 
3 0 6 
7 4 8 
step: 332
0 1 5 
3 2 6 
7 4 8 
step: 333
1 2 5 
3 4 0 
7 8 6 
step: 334
0 2 5 
1 3 6 
7 4 8 
step: 335
1 2 5 
3 4 6 
0 7 8 
step: 336
1 2 5 
3 4 6 
0 7 8 
step: 337
1 2 5 
0 4 6 
3 7 8 
step: 338
1 2 5 
3 4 6 
0 7 8 
step: 339
1 2 5 
3 0 6 
7 4 8 
step: 340
1 2 5 
3 4 6 
0 7 8 
step: 341
1 2 5 
7 3 6 
0 4 8 
step: 342
1 2 5 
3 0 6 
7 4 8 
step: 343
1 2 5 
7 0 6 
4 3 8 
step: 344
1 2 5 
7 3 0 
4 8 6 
step: 345
1 0 5 
3 2 6 
7 4 8 
step: 346
1 2 5 
3 6 0 
7 4 8 
step: 347
1 0 2 
3 4 5 
7 8 6 
step: 348
1 2 5 
7 3 6 
0 4 8 
step: 349
1 4 2 
3 0 5 
7 8 6 
step: 350
1 2 5 
3 6 0 
7 4 8 
step: 351
1 2 5 
3 6 0 
7 4 8 
step: 352
1 2 5 
3 6 8 
7 4 0 
step: 353
1 5 6 
3 2 0 
7 4 8 
step: 354
1 0 5 
3 2 6 
7 4 8 
step: 355
1 2 5 
3 4 6 
7 8 0 
step: 356
1 2 5 
3 0 4 
7 8 6 
step: 357
1 2 5 
3 0 6 
7 4 8 
step: 358
1 2 5 
7 3 6 
0 4 8 
step: 359
1 2 5 
3 0 6 
7 4 8 
step: 360
1 2 5 
7 3 6 
0 4 8 
step: 361
1 2 5 
3 4 6 
0 7 8 
step: 362
1 2 5 
3 6 0 
7 4 8 
step: 363
1 2 5 
7 3 6 
0 4 8 
step: 364
1 2 5 
7 3 6 
4 0 8 
step: 365
1 2 5 
7 3 6 
0 4 8 
step: 366
1 2 5 
3 4 6 
7 0 8 
step: 367
0 2 5 
1 3 6 
7 4 8 
step: 368
1 2 5 
3 0 6 
7 4 8 
step: 369
1 2 5 
3 0 6 
7 4 8 
step: 370
1 2 5 
3 6 0 
7 4 8 
step: 371
1 2 0 
3 4 5 
7 8 6 
step: 372
1 2 5 
3 4 6 
7 0 8 
step: 373
0 2 5 
1 3 6 
7 4 8 
step: 374
1 2 5 
3 4 6 
7 8 0 
step: 375
1 0 2 
3 4 5 
7 8 6 
step: 376
1 2 5 
3 4 6 
7 0 8 
step: 377
1 2 5 
3 4 6 
7 0 8 
step: 378
1 2 5 
3 0 6 
7 4 8 
step: 379
0 1 5 
3 2 6 
7 4 8 
step: 380
1 2 5 
3 4 0 
7 8 6 
step: 381
1 2 5 
3 0 6 
7 4 8 
step: 382
1 0 5 
3 2 6 
7 4 8 
step: 383
1 4 2 
3 5 0 
7 8 6 
step: 384
1 2 5 
3 4 6 
0 7 8 
step: 385
1 0 5 
7 2 6 
4 3 8 
step: 386
1 2 5 
3 4 6 
0 7 8 
step: 387
1 2 5 
3 4 6 
7 0 8 
step: 388
1 2 5 
3 4 6 
7 0 8 
step: 389
1 2 5 
3 4 6 
7 0 8 
step: 390
1 2 5 
0 7 3 
4 8 6 
step: 391
1 5 6 
3 2 0 
7 4 8 
step: 392
0 2 5 
1 3 6 
7 4 8 
step: 393
1 2 5 
3 0 4 
7 8 6 
step: 394
1 2 5 
3 6 0 
7 4 8 
step: 395
1 2 5 
3 0 4 
7 8 6 
step: 396
1 2 5 
7 3 6 
4 0 8 
step: 397
1 2 5 
3 4 6 
7 0 8 
step: 398
1 2 5 
3 6 0 
7 4 8 
step: 399
1 2 5 
7 3 6 
0 4 8 
step: 400
1 2 5 
3 4 6 
7 0 8 
step: 401
1 2 5 
7 3 4 
0 8 6 
step: 402
1 2 5 
3 4 6 
7 0 8 
step: 403
2 3 5 
1 0 6 
7 4 8 
step: 404
1 2 5 
7 0 6 
4 3 8 
step: 405
1 2 5 
3 0 6 
7 4 8 
step: 406
1 2 5 
3 0 6 
7 4 8 
step: 407
1 2 5 
7 3 6 
0 4 8 
step: 408
1 2 5 
3 4 6 
7 0 8 
step: 409
1 2 0 
7 3 5 
4 8 6 
step: 410
1 2 5 
3 6 0 
7 4 8 
step: 411
1 2 5 
0 4 6 
3 7 8 
step: 412
1 2 5 
3 4 6 
7 0 8 
step: 413
1 2 5 
7 3 6 
4 0 8 
step: 414
0 2 5 
1 3 6 
7 4 8 
step: 415
1 0 5 
3 2 6 
7 4 8 
step: 416
1 2 5 
7 3 6 
0 4 8 
step: 417
1 2 5 
3 4 6 
0 7 8 
step: 418
1 0 5 
3 2 6 
7 4 8 
step: 419
1 2 5 
3 0 6 
7 4 8 
step: 420
1 2 0 
3 4 5 
7 8 6 
step: 421
0 2 5 
1 3 6 
7 4 8 
step: 422
1 2 5 
7 3 0 
4 8 6 
step: 423
0 2 5 
1 3 6 
7 4 8 
step: 424
1 2 5 
3 0 6 
7 4 8 
step: 425
1 2 5 
3 6 0 
7 4 8 
step: 426
1 0 5 
3 2 6 
7 4 8 
step: 427
1 2 5 
3 4 6 
7 0 8 
step: 428
0 2 5 
1 3 6 
7 4 8 
step: 429
1 0 2 
3 6 5 
7 4 8 
step: 430
1 2 5 
3 0 6 
7 4 8 
step: 431
1 2 5 
3 0 6 
7 4 8 
step: 432
1 2 5 
3 0 6 
7 4 8 
step: 433
1 2 5 
3 4 6 
7 8 0 
step: 434
1 0 5 
3 2 6 
7 4 8 
step: 435
1 2 5 
3 4 6 
7 0 8 
step: 436
1 2 5 
3 4 6 
7 0 8 
step: 437
1 2 5 
7 3 6 
4 0 8 
step: 438
1 2 5 
3 4 6 
7 8 0 
step: 439
1 2 5 
3 4 0 
7 8 6 
step: 440
0 1 5 
3 2 6 
7 4 8 
step: 441
1 2 5 
7 3 6 
0 4 8 
step: 442
1 2 5 
7 3 6 
4 0 8 
step: 443
1 2 5 
3 4 6 
7 0 8 
step: 444
1 2 0 
3 4 5 
7 8 6 
step: 445
1 2 5 
3 4 6 
7 0 8 
step: 446
1 2 5 
3 4 6 
7 8 0 
step: 447
1 2 5 
3 0 6 
7 4 8 
step: 448
1 0 5 
4 2 6 
3 7 8 
step: 449
1 2 5 
3 0 6 
7 4 8 
step: 450
1 2 5 
3 0 4 
7 8 6 
step: 451
1 2 5 
3 4 0 
7 8 6 
step: 452
1 0 2 
7 3 5 
4 8 6 
step: 453
1 2 5 
7 3 6 
0 4 8 
step: 454
1 2 5 
3 4 6 
7 0 8 
step: 455
1 2 5 
3 4 6 
0 7 8 
step: 456
1 0 5 
3 2 6 
7 4 8 
step: 457
1 2 5 
3 4 0 
7 8 6 
step: 458
1 2 5 
3 4 6 
7 0 8 
step: 459
1 2 5 
3 4 6 
0 7 8 
step: 460
1 2 5 
3 0 6 
7 4 8 
step: 461
1 2 5 
0 3 6 
7 4 8 
step: 462
1 0 5 
3 2 6 
7 4 8 
step: 463
1 2 5 
0 3 6 
7 4 8 
step: 464
1 2 5 
3 4 6 
7 0 8 
step: 465
1 2 0 
3 4 5 
7 8 6 
step: 466
1 2 5 
3 0 6 
7 4 8 
step: 467
1 2 5 
4 7 6 
3 0 8 
step: 468
1 2 5 
3 4 6 
0 7 8 
step: 469
1 2 5 
3 4 6 
0 7 8 
step: 470
1 2 5 
7 3 6 
4 0 8 
step: 471
0 1 2 
3 6 5 
7 4 8 
step: 472
1 2 5 
7 3 6 
4 0 8 
step: 473
1 2 5 
7 3 6 
0 4 8 
step: 474
1 2 5 
3 0 6 
7 4 8 
step: 475
1 2 5 
0 4 6 
3 7 8 
step: 476
1 0 5 
3 2 6 
7 4 8 
step: 477
1 2 5 
3 4 6 
0 7 8 
step: 478
0 2 5 
1 3 6 
7 4 8 
step: 479
1 2 5 
0 3 4 
7 8 6 
step: 480
1 2 5 
3 0 6 
7 4 8 
step: 481
2 3 5 
1 4 6 
0 7 8 
step: 482
1 2 5 
3 4 6 
7 8 0 
step: 483
1 0 2 
3 6 5 
7 4 8 
step: 484
1 2 5 
3 6 0 
7 4 8 
step: 485
1 2 5 
3 4 0 
7 8 6 
step: 486
1 2 5 
7 3 0 
4 8 6 
step: 487
1 2 5 
3 0 6 
7 4 8 
step: 488
0 2 5 
1 3 6 
7 4 8 
step: 489
1 2 5 
3 4 6 
7 0 8 
step: 490
1 2 5 
3 4 6 
7 0 8 
step: 491
1 2 5 
7 3 6 
0 4 8 
step: 492
1 2 5 
3 4 6 
7 0 8 
step: 493
1 2 5 
0 3 6 
7 4 8 
step: 494
1 2 5 
7 3 6 
4 0 8 
step: 495
1 2 0 
3 6 5 
7 4 8 
step: 496
2 0 5 
1 3 6 
7 4 8 
step: 497
1 2 5 
7 3 6 
0 4 8 
step: 498
1 2 5 
3 4 0 
7 8 6 
step: 499
1 2 5 
3 4 6 
7 8 0 
step: 500
1 2 5 
3 4 6 
7 0 8 
step: 501
1 0 2 
3 4 5 
7 8 6 
step: 502
1 2 5 
3 4 6 
0 7 8 
step: 503
1 5 0 
3 2 6 
7 4 8 
step: 504
1 0 2 
3 4 5 
7 8 6 
step: 505
1 2 5 
3 4 0 
7 8 6 
step: 506
1 0 5 
3 2 6 
7 4 8 
step: 507
1 2 0 
3 4 5 
7 8 6 
step: 508
1 2 5 
3 0 4 
7 8 6 
step: 509
1 2 0 
3 4 5 
7 8 6 
step: 510
1 2 5 
7 3 6 
4 8 0 
step: 511
1 2 5 
3 4 6 
7 0 8 
step: 512
1 2 5 
7 3 6 
4 8 0 
step: 513
0 1 5 
3 2 6 
7 4 8 
step: 514
1 2 0 
3 6 5 
7 4 8 
step: 515
1 2 5 
3 4 6 
0 7 8 
step: 516
1 2 5 
3 4 6 
0 7 8 
step: 517
1 2 5 
7 3 6 
4 0 8 
step: 518
1 2 5 
3 4 0 
7 8 6 
step: 519
1 2 5 
3 4 6 
7 0 8 
step: 520
1 5 6 
0 3 2 
7 4 8 
step: 521
1 0 5 
3 2 6 
7 4 8 
step: 522
1 2 5 
3 0 6 
7 4 8 
step: 523
1 0 5 
3 2 6 
7 4 8 
step: 524
1 0 5 
3 2 6 
7 4 8 
step: 525
1 2 5 
3 4 0 
7 8 6 
step: 526
1 0 5 
3 2 6 
7 4 8 
step: 527
1 2 5 
7 3 6 
0 4 8 
step: 528
1 2 5 
3 0 6 
7 4 8 
step: 529
1 2 5 
0 3 6 
7 4 8 
step: 530
1 2 5 
3 4 6 
7 0 8 
step: 531
1 2 5 
3 0 6 
7 4 8 
step: 532
3 1 5 
0 2 6 
7 4 8 
step: 533
1 2 5 
3 0 4 
7 8 6 
step: 534
1 2 5 
3 4 0 
7 8 6 
step: 535
1 2 5 
3 6 0 
7 4 8 
step: 536
1 2 5 
0 3 6 
7 4 8 
step: 537
1 2 5 
7 3 6 
0 4 8 
step: 538
1 2 5 
0 3 6 
7 4 8 
step: 539
1 2 5 
3 0 6 
7 4 8 
step: 540
1 2 5 
7 3 6 
0 4 8 
step: 541
1 2 5 
7 3 6 
0 4 8 
step: 542
1 5 0 
3 2 6 
7 4 8 
step: 543
0 2 5 
1 3 6 
7 4 8 
step: 544
1 0 2 
3 4 5 
7 8 6 
step: 545
0 1 2 
3 4 5 
7 8 6 
step: 546
1 0 5 
3 2 6 
7 4 8 
step: 547
1 2 5 
3 4 6 
0 7 8 
step: 548
1 6 2 
3 0 5 
7 4 8 
step: 549
1 2 5 
7 0 3 
4 8 6 
step: 550
1 2 5 
4 0 6 
3 7 8 
step: 551
1 2 5 
3 0 6 
7 4 8 
step: 552
1 2 5 
7 3 6 
0 4 8 
step: 553
1 2 5 
7 0 6 
4 3 8 
step: 554
1 2 5 
3 4 0 
7 8 6 
step: 555
1 0 5 
7 2 3 
4 8 6 
step: 556
1 2 5 
0 3 6 
7 4 8 
step: 557
1 2 5 
0 3 6 
7 4 8 
step: 558
1 2 5 
3 4 6 
7 0 8 
step: 559
1 2 5 
0 3 6 
7 4 8 
step: 560
3 1 5 
7 2 6 
0 4 8 
step: 561
1 2 5 
7 3 6 
4 0 8 
step: 562
3 1 5 
0 2 6 
7 4 8 
step: 563
1 2 5 
0 3 6 
7 4 8 
step: 564
1 2 5 
0 3 6 
7 4 8 
step: 565
1 2 5 
3 4 0 
7 8 6 
step: 566
1 2 5 
4 7 6 
3 8 0 
step: 567
1 2 5 
3 4 6 
7 0 8 
step: 568
1 2 5 
3 4 0 
7 8 6 
step: 569
1 2 5 
3 0 6 
7 4 8 
step: 570
1 2 5 
0 3 6 
7 4 8 
step: 571
1 2 5 
3 4 6 
0 7 8 
step: 572
1 2 5 
3 4 6 
0 7 8 
step: 573
0 2 5 
1 3 6 
7 4 8 
step: 574
1 5 0 
3 2 6 
7 4 8 
step: 575
1 2 5 
3 4 0 
7 8 6 
step: 576
1 2 0 
3 4 5 
7 8 6 
step: 577
1 2 5 
3 0 6 
7 4 8 
step: 578
1 2 5 
0 3 6 
7 4 8 
step: 579
1 5 6 
3 4 2 
7 0 8 
step: 580
1 2 5 
7 3 6 
0 4 8 
step: 581
1 2 5 
3 6 8 
7 0 4 
step: 582
1 0 2 
3 4 5 
7 8 6 
step: 583
1 2 5 
3 6 0 
7 4 8 
step: 584
1 2 5 
3 4 6 
0 7 8 
step: 585
1 2 5 
3 4 6 
7 0 8 
step: 586
1 2 5 
0 3 6 
7 4 8 
step: 587
1 2 5 
0 3 6 
7 4 8 
step: 588
1 2 5 
3 0 6 
7 4 8 
step: 589
1 2 5 
3 4 6 
7 8 0 
step: 590
1 2 5 
3 6 0 
7 4 8 
step: 591
1 2 5 
3 4 0 
7 8 6 
step: 592
1 2 5 
7 3 6 
4 8 0 
step: 593
1 2 5 
3 0 6 
7 4 8 
step: 594
1 2 5 
7 3 6 
4 0 8 
step: 595
1 2 5 
7 3 0 
4 8 6 
step: 596
1 2 5 
3 4 6 
7 0 8 
step: 597
1 5 0 
3 2 6 
7 4 8 
step: 598
1 2 5 
3 4 6 
7 0 8 
step: 599
1 2 5 
3 4 6 
7 8 0 
step: 600
1 0 5 
3 2 6 
7 4 8 
step: 601
1 5 6 
3 2 0 
7 4 8 
step: 602
1 2 5 
3 4 6 
7 0 8 
step: 603
1 2 5 
3 0 6 
7 4 8 
step: 604
1 2 5 
3 4 6 
0 7 8 
step: 605
1 2 5 
3 4 6 
7 0 8 
step: 606
1 2 5 
3 0 6 
7 4 8 
step: 607
1 2 5 
3 6 0 
7 4 8 
step: 608
1 2 5 
0 3 6 
7 4 8 
step: 609
1 2 0 
3 4 5 
7 8 6 
step: 610
1 5 6 
3 2 0 
7 4 8 
step: 611
1 2 5 
3 4 6 
7 8 0 
step: 612
1 2 5 
3 4 6 
7 8 0 
step: 613
1 2 5 
3 0 6 
7 4 8 
step: 614
1 5 0 
3 2 6 
7 4 8 
step: 615
1 2 5 
0 3 6 
7 4 8 
step: 616
1 2 0 
3 6 5 
7 4 8 
step: 617
1 2 5 
3 6 8 
7 4 0 
step: 618
1 2 5 
3 4 0 
7 8 6 
step: 619
1 2 5 
3 6 0 
7 4 8 
step: 620
1 2 5 
3 0 4 
7 8 6 
step: 621
1 2 5 
3 6 0 
7 4 8 
step: 622
1 2 5 
3 0 6 
7 4 8 
step: 623
1 2 5 
7 3 0 
4 8 6 
step: 624
1 2 5 
0 3 6 
7 4 8 
step: 625
1 2 0 
3 4 5 
7 8 6 
step: 626
1 5 0 
3 2 6 
7 4 8 
step: 627
1 2 5 
3 4 0 
7 8 6 
step: 628
1 2 5 
7 3 6 
4 0 8 
step: 629
1 2 5 
7 3 6 
4 0 8 
step: 630
0 2 5 
1 3 6 
7 4 8 
step: 631
1 2 5 
3 4 0 
7 8 6 
step: 632
1 5 6 
3 2 0 
7 4 8 
step: 633
1 2 5 
7 3 0 
4 8 6 
step: 634
1 2 5 
0 4 6 
3 7 8 
step: 635
1 2 5 
3 4 0 
7 8 6 
step: 636
1 2 5 
7 3 0 
4 8 6 
step: 637
1 2 5 
0 3 6 
7 4 8 
step: 638
1 0 2 
3 6 5 
7 4 8 
step: 639
1 2 5 
7 3 6 
4 0 8 
step: 640
1 2 0 
3 6 5 
7 4 8 
step: 641
1 2 5 
3 4 6 
7 0 8 
step: 642
1 2 5 
3 4 6 
7 0 8 
step: 643
1 2 5 
0 3 6 
7 4 8 
step: 644
1 2 5 
0 3 6 
7 4 8 
step: 645
1 0 5 
3 2 6 
7 4 8 
step: 646
1 2 0 
7 3 5 
4 8 6 
step: 647
2 0 5 
1 3 6 
7 4 8 
step: 648
1 2 5 
0 3 6 
7 4 8 
step: 649
1 5 0 
3 2 6 
7 4 8 
step: 650
1 2 5 
7 3 6 
4 8 0 
step: 651
1 2 5 
7 0 6 
4 3 8 
step: 652
1 2 5 
3 4 6 
7 8 0 
step: 653
1 2 5 
7 0 3 
4 8 6 
step: 654
1 2 5 
7 3 6 
4 8 0 
step: 655
1 2 5 
3 4 6 
0 7 8 
step: 656
1 2 5 
3 4 6 
0 7 8 
step: 657
1 2 5 
3 0 6 
7 4 8 
step: 658
1 2 5 
3 4 6 
7 8 0 
step: 659
1 2 5 
3 4 6 
0 7 8 
step: 660
1 2 5 
3 4 6 
0 7 8 
step: 661
1 2 5 
0 3 6 
7 4 8 
step: 662
2 5 0 
1 3 6 
7 4 8 
step: 663
1 2 5 
7 3 6 
0 4 8 
step: 664
1 2 5 
0 3 6 
7 4 8 
step: 665
1 2 5 
3 4 6 
0 7 8 
step: 666
1 2 5 
3 4 6 
0 7 8 
step: 667
1 2 5 
0 3 6 
7 4 8 
step: 668
1 3 2 
7 0 5 
4 8 6 
step: 669
1 2 0 
3 4 5 
7 8 6 
step: 670
2 0 5 
1 3 6 
7 4 8 
step: 671
1 2 5 
4 0 6 
3 7 8 
step: 672
1 2 5 
0 3 4 
7 8 6 
step: 673
1 2 5 
3 6 0 
7 4 8 
step: 674
1 2 5 
0 4 6 
3 7 8 
step: 675
1 2 5 
3 0 6 
7 4 8 
step: 676
1 2 5 
7 3 6 
4 8 0 
step: 677
1 2 0 
7 3 5 
4 8 6 
step: 678
3 1 5 
2 0 6 
7 4 8 
step: 679
1 2 5 
7 3 6 
0 4 8 
step: 680
3 1 2 
0 4 5 
7 8 6 
step: 681
1 2 5 
3 0 6 
7 4 8 
step: 682
1 2 5 
3 4 0 
7 8 6 
step: 683
0 2 5 
1 3 6 
7 4 8 
step: 684
1 2 0 
3 6 5 
7 4 8 
step: 685
1 0 5 
3 2 6 
7 4 8 
step: 686
1 2 5 
3 4 0 
7 8 6 
step: 687
1 2 5 
0 3 6 
7 4 8 
step: 688
1 2 5 
0 3 6 
7 4 8 
step: 689
0 2 5 
1 3 6 
7 4 8 
step: 690
1 2 0 
3 4 5 
7 8 6 
step: 691
1 2 0 
3 6 5 
7 4 8 
step: 692
1 2 5 
3 4 6 
7 8 0 
step: 693
0 2 5 
1 3 6 
7 4 8 
step: 694
1 2 5 
3 4 6 
0 7 8 
step: 695
1 2 5 
7 3 6 
4 0 8 
step: 696
1 2 5 
3 4 6 
7 8 0 
step: 697
1 2 5 
3 4 6 
7 8 0 
step: 698
0 2 5 
1 3 6 
7 4 8 
step: 699
1 2 5 
7 3 6 
0 4 8 
step: 700
3 1 5 
0 2 6 
7 4 8 
step: 701
0 2 5 
1 3 6 
7 4 8 
step: 702
1 2 5 
3 0 6 
7 4 8 
step: 703
1 2 5 
3 4 0 
7 8 6 
step: 704
1 2 5 
0 3 4 
7 8 6 
step: 705
1 2 5 
3 4 6 
7 0 8 
step: 706
1 2 5 
3 6 8 
7 4 0 
step: 707
1 0 2 
3 4 5 
7 8 6 
step: 708
1 2 0 
3 6 5 
7 4 8 
step: 709
1 2 5 
3 4 0 
7 8 6 
step: 710
1 2 5 
3 4 6 
7 0 8 
step: 711
1 2 5 
4 7 3 
0 8 6 
step: 712
1 2 5 
3 4 6 
7 0 8 
step: 713
1 5 0 
3 2 6 
7 4 8 
step: 714
0 2 5 
1 3 6 
7 4 8 
step: 715
1 2 5 
3 0 6 
7 4 8 
step: 716
0 2 5 
1 3 6 
7 4 8 
step: 717
3 1 5 
7 2 6 
4 0 8 
step: 718
1 2 5 
3 4 6 
7 8 0 
step: 719
1 2 5 
3 4 0 
7 8 6 
step: 720
1 0 2 
3 6 5 
7 4 8 
step: 721
0 2 5 
1 3 6 
7 4 8 
step: 722
2 3 5 
1 6 0 
7 4 8 
step: 723
1 2 5 
3 4 6 
0 7 8 
step: 724
1 2 5 
3 4 6 
7 0 8 
step: 725
1 2 5 
3 4 6 
7 0 8 
step: 726
1 2 5 
4 0 6 
3 7 8 
step: 727
1 2 5 
3 4 0 
7 8 6 
step: 728
1 2 0 
3 6 5 
7 4 8 
step: 729
1 2 5 
3 0 6 
7 4 8 
step: 730
1 2 5 
7 3 6 
0 4 8 
step: 731
1 2 5 
3 0 4 
7 8 6 
step: 732
1 2 5 
3 4 6 
7 0 8 
step: 733
1 2 5 
0 4 6 
3 7 8 
step: 734
1 2 0 
3 4 5 
7 8 6 
step: 735
1 2 5 
3 4 6 
7 0 8 
step: 736
1 2 5 
3 0 6 
7 4 8 
step: 737
1 2 5 
0 3 6 
7 4 8 
step: 738
2 3 5 
1 0 6 
7 4 8 
step: 739
1 5 6 
3 2 0 
7 4 8 
step: 740
1 2 5 
3 4 6 
7 0 8 
step: 741
1 2 5 
3 0 6 
7 4 8 
step: 742
1 2 0 
3 6 5 
7 4 8 
step: 743
1 2 5 
3 4 6 
7 8 0 
step: 744
1 2 5 
3 0 6 
7 4 8 
step: 745
1 2 5 
7 3 6 
4 0 8 
step: 746
1 2 5 
0 3 4 
7 8 6 
step: 747
1 2 5 
7 3 6 
4 0 8 
step: 748
1 2 5 
3 4 6 
7 8 0 
step: 749
2 3 5 
1 4 0 
7 8 6 
step: 750
1 2 5 
7 3 6 
4 0 8 
step: 751
1 2 5 
3 4 6 
7 0 8 
step: 752
1 2 5 
0 3 6 
7 4 8 
step: 753
1 2 5 
3 4 6 
7 8 0 
step: 754
1 2 5 
3 0 6 
7 4 8 
step: 755
1 2 5 
3 4 6 
7 0 8 
step: 756
1 2 5 
3 4 6 
7 0 8 
step: 757
1 2 0 
3 4 5 
7 8 6 
step: 758
1 2 5 
0 3 6 
7 4 8 
step: 759
1 2 5 
3 6 0 
7 4 8 
step: 760
1 2 5 
3 0 6 
7 4 8 
step: 761
1 2 5 
3 0 6 
7 4 8 
step: 762
1 2 5 
7 3 6 
4 0 8 
step: 763
1 2 5 
0 3 6 
7 4 8 
step: 764
1 2 5 
7 3 6 
4 8 0 
step: 765
1 6 2 
0 3 5 
7 4 8 
step: 766
1 5 0 
3 2 6 
7 4 8 
step: 767
1 2 0 
3 4 5 
7 8 6 
step: 768
1 2 5 
3 4 6 
7 0 8 
step: 769
1 2 5 
3 4 6 
7 0 8 
step: 770
1 2 5 
7 0 6 
4 3 8 
step: 771
1 2 5 
0 3 6 
7 4 8 
step: 772
1 2 5 
4 0 6 
3 7 8 
step: 773
1 2 5 
7 3 6 
0 4 8 
step: 774
1 2 5 
0 3 6 
7 4 8 
step: 775
1 2 5 
7 0 3 
4 8 6 
step: 776
3 1 5 
0 2 6 
7 4 8 
step: 777
1 2 5 
3 4 6 
7 8 0 
step: 778
1 2 5 
0 3 4 
7 8 6 
step: 779
1 2 5 
3 4 6 
7 0 8 
step: 780
1 2 5 
3 4 6 
0 7 8 
step: 781
1 2 5 
3 4 6 
7 8 0 
step: 782
1 2 5 
3 6 0 
7 4 8 
step: 783
1 2 5 
3 4 0 
7 8 6 
step: 784
1 2 5 
7 3 6 
0 4 8 
step: 785
1 2 5 
3 4 0 
7 8 6 
step: 786
1 0 5 
3 2 6 
7 4 8 
step: 787
1 5 0 
3 2 6 
7 4 8 
step: 788
1 5 0 
3 2 6 
7 4 8 
step: 789
1 0 5 
3 2 4 
7 8 6 
step: 790
1 2 0 
3 4 5 
7 8 6 
step: 791
1 2 5 
0 3 6 
7 4 8 
step: 792
2 3 5 
1 0 6 
7 4 8 
step: 793
3 1 5 
7 2 6 
4 8 0 
step: 794
1 2 5 
3 0 6 
7 4 8 
step: 795
0 2 5 
1 3 6 
7 4 8 
step: 796
1 2 5 
0 3 6 
7 4 8 
step: 797
2 3 5 
1 0 6 
7 4 8 
step: 798
1 2 5 
7 0 6 
4 3 8 
step: 799
1 2 5 
3 4 0 
7 8 6 
step: 800
1 6 2 
3 4 5 
7 0 8 
step: 801
1 2 5 
3 4 6 
7 0 8 
step: 802
1 5 0 
3 2 6 
7 4 8 
step: 803
1 2 5 
3 4 6 
7 0 8 
step: 804
1 2 5 
3 0 6 
7 4 8 
step: 805
1 2 5 
3 4 6 
7 8 0 
step: 806
1 4 2 
0 3 5 
7 8 6 
step: 807
1 5 0 
3 2 6 
7 4 8 
step: 808
1 2 0 
3 4 5 
7 8 6 
step: 809
1 0 5 
3 2 6 
7 4 8 
step: 810
1 2 5 
3 4 6 
7 0 8 
step: 811
1 2 0 
3 6 5 
7 4 8 
step: 812
1 2 5 
0 3 6 
7 4 8 
step: 813
1 2 5 
3 4 6 
7 8 0 
step: 814
1 2 5 
3 6 8 
7 4 0 
step: 815
1 2 5 
7 3 6 
0 4 8 
step: 816
1 2 5 
7 0 3 
4 8 6 
step: 817
1 2 5 
0 3 6 
7 4 8 
step: 818
0 2 5 
1 3 6 
7 4 8 
step: 819
1 2 5 
3 4 0 
7 8 6 
step: 820
1 2 5 
3 4 6 
7 0 8 
step: 821
1 2 5 
3 4 6 
7 0 8 
step: 822
1 2 0 
3 4 5 
7 8 6 
step: 823
1 2 5 
0 3 6 
7 4 8 
step: 824
1 2 5 
0 3 6 
7 4 8 
step: 825
1 2 5 
0 3 6 
7 4 8 
step: 826
1 2 5 
3 0 6 
7 4 8 
step: 827
1 2 5 
7 3 6 
0 4 8 
step: 828
1 2 5 
3 4 6 
7 0 8 
step: 829
1 2 5 
3 0 6 
7 4 8 
step: 830
1 2 5 
0 3 6 
7 4 8 
step: 831
1 2 5 
3 4 6 
7 8 0 
step: 832
1 0 2 
3 4 5 
7 8 6 
step: 833
1 2 5 
0 7 6 
4 3 8 
step: 834
1 2 5 
3 0 6 
7 4 8 
step: 835
1 2 5 
0 3 6 
7 4 8 
step: 836
1 2 5 
0 3 6 
7 4 8 
step: 837
1 2 5 
4 0 6 
3 7 8 
step: 838
1 2 5 
3 4 6 
7 8 0 
step: 839
1 2 0 
3 6 5 
7 4 8 
step: 840
1 2 5 
0 3 6 
7 4 8 
step: 841
1 2 0 
3 4 5 
7 8 6 
step: 842
1 2 5 
3 4 6 
7 8 0 
step: 843
1 2 5 
0 3 6 
7 4 8 
step: 844
1 5 0 
3 2 6 
7 4 8 
step: 845
1 2 5 
7 3 6 
4 8 0 
step: 846
1 0 5 
3 2 6 
7 4 8 
step: 847
1 2 5 
3 0 6 
7 4 8 
step: 848
1 2 5 
3 4 6 
7 0 8 
step: 849
1 2 5 
3 4 6 
7 8 0 
step: 850
1 2 5 
3 0 6 
7 4 8 
step: 851
1 2 5 
0 3 6 
7 4 8 
step: 852
1 2 5 
3 4 6 
7 0 8 
step: 853
1 2 5 
3 4 6 
7 0 8 
step: 854
1 2 5 
3 4 6 
7 8 0 
step: 855
1 2 5 
3 4 6 
7 0 8 
step: 856
1 2 5 
3 4 6 
7 8 0 
step: 857
1 2 5 
3 0 6 
7 4 8 
step: 858
1 2 5 
3 4 6 
7 0 8 
step: 859
1 2 5 
3 0 6 
7 4 8 
step: 860
1 2 0 
3 6 5 
7 4 8 
step: 861
1 0 2 
3 6 5 
7 4 8 
step: 862
1 2 5 
0 3 6 
7 4 8 
step: 863
1 2 5 
0 3 6 
7 4 8 
step: 864
1 2 0 
3 4 5 
7 8 6 
step: 865
1 2 5 
7 3 6 
4 8 0 
step: 866
1 2 5 
0 3 6 
7 4 8 
step: 867
1 5 0 
3 2 6 
7 4 8 
step: 868
1 2 5 
3 4 6 
7 8 0 
step: 869
1 2 5 
3 0 6 
7 4 8 
step: 870
1 5 0 
3 2 6 
7 4 8 
step: 871
2 3 5 
1 4 6 
7 0 8 
step: 872
1 2 5 
0 3 6 
7 4 8 
step: 873
1 2 5 
3 0 6 
7 4 8 
step: 874
1 2 0 
3 6 5 
7 4 8 
step: 875
1 2 5 
3 0 6 
7 4 8 
step: 876
1 2 5 
0 3 6 
7 4 8 
step: 877
1 2 5 
3 4 6 
7 8 0 
step: 878
0 2 5 
1 3 6 
7 4 8 
step: 879
1 2 5 
0 3 6 
7 4 8 
step: 880
1 2 5 
0 3 6 
7 4 8 
step: 881
1 2 0 
3 6 5 
7 4 8 
step: 882
1 2 5 
7 3 6 
4 8 0 
step: 883
1 2 5 
3 0 6 
7 4 8 
step: 884
1 2 5 
3 4 0 
7 8 6 
step: 885
1 2 5 
3 4 6 
7 8 0 
step: 886
1 2 5 
0 4 6 
3 7 8 
step: 887
1 2 0 
3 4 5 
7 8 6 
step: 888
1 2 5 
7 3 6 
0 4 8 
step: 889
1 2 5 
3 4 6 
7 0 8 
step: 890
1 2 5 
3 4 6 
7 0 8 
step: 891
1 2 5 
3 4 6 
7 8 0 
step: 892
1 5 0 
3 2 6 
7 4 8 
step: 893
1 2 5 
3 4 6 
7 0 8 
step: 894
1 2 5 
0 3 6 
7 4 8 
step: 895
1 2 5 
3 4 6 
7 8 0 
step: 896
1 2 5 
0 3 6 
7 4 8 
step: 897
1 2 5 
3 4 6 
7 8 0 
step: 898
1 5 0 
3 2 6 
7 4 8 
step: 899
2 5 6 
1 3 0 
7 4 8 
step: 900
2 3 5 
1 4 6 
7 0 8 
step: 901
0 2 5 
1 3 6 
7 4 8 
step: 902
2 0 5 
1 3 6 
7 4 8 
step: 903
1 2 0 
7 6 5 
4 3 8 
step: 904
1 2 5 
7 0 3 
4 8 6 
step: 905
1 2 5 
3 6 0 
7 4 8 
step: 906
1 2 5 
3 4 6 
7 0 8 
step: 907
1 2 5 
7 3 6 
4 0 8 
step: 908
1 2 5 
3 4 0 
7 8 6 
step: 909
1 2 5 
3 4 6 
7 0 8 
step: 910
1 2 5 
3 4 6 
7 0 8 
step: 911
1 2 5 
4 0 6 
3 7 8 
step: 912
1 2 5 
3 4 6 
7 0 8 
step: 913
1 0 5 
3 2 6 
7 4 8 
step: 914
1 2 5 
0 3 6 
7 4 8 
step: 915
1 2 5 
3 0 4 
7 8 6 
step: 916
1 2 0 
3 6 5 
7 4 8 
step: 917
1 2 5 
3 4 6 
7 0 8 
step: 918
1 2 5 
3 6 0 
7 4 8 
step: 919
1 2 5 
0 3 6 
7 4 8 
step: 920
1 2 5 
3 0 6 
7 4 8 
step: 921
1 5 6 
3 2 0 
7 4 8 
step: 922
1 2 5 
7 3 6 
4 0 8 
step: 923
1 2 5 
7 3 6 
4 0 8 
step: 924
1 2 5 
0 3 6 
7 4 8 
step: 925
1 2 5 
3 4 6 
7 0 8 
step: 926
1 2 5 
7 3 6 
0 4 8 
step: 927
1 2 5 
7 3 6 
4 0 8 
step: 928
1 2 5 
3 4 6 
0 7 8 
step: 929
1 2 5 
7 3 6 
4 0 8 
step: 930
1 2 5 
3 4 6 
7 8 0 
step: 931
1 2 5 
3 4 6 
7 0 8 
step: 932
1 2 5 
3 4 6 
7 8 0 
step: 933
1 2 5 
3 4 6 
7 8 0 
step: 934
1 2 5 
3 4 0 
7 8 6 
step: 935
1 2 0 
3 4 5 
7 8 6 
step: 936
1 2 5 
3 0 6 
7 4 8 
step: 937
1 2 5 
0 3 6 
7 4 8 
step: 938
1 2 5 
3 4 0 
7 8 6 
step: 939
1 2 5 
3 4 6 
7 8 0 
step: 940
1 2 5 
3 6 0 
7 4 8 
step: 941
1 2 5 
7 3 6 
4 0 8 
step: 942
1 2 5 
4 0 6 
3 7 8 
step: 943
1 2 5 
3 0 6 
7 4 8 
step: 944
1 2 5 
3 4 6 
7 0 8 
step: 945
1 2 5 
3 0 6 
7 4 8 
step: 946
1 2 5 
3 4 6 
7 8 0 
step: 947
1 0 5 
3 2 6 
7 4 8 
step: 948
1 2 5 
3 4 6 
0 7 8 
step: 949
1 2 5 
3 4 6 
7 0 8 
step: 950
1 2 5 
3 4 0 
7 8 6 
step: 951
3 1 2 
4 0 5 
7 8 6 
step: 952
1 0 6 
3 5 2 
7 4 8 
step: 953
1 2 5 
7 3 6 
4 0 8 
step: 954
1 2 5 
0 3 6 
7 4 8 
step: 955
1 2 5 
3 4 6 
7 8 0 
step: 956
1 2 0 
3 4 5 
7 8 6 
step: 957
1 2 5 
3 4 6 
7 8 0 
step: 958
1 2 5 
0 3 6 
7 4 8 
step: 959
1 0 5 
3 2 6 
7 4 8 
step: 960
1 2 5 
7 0 3 
4 8 6 
step: 961
1 2 5 
3 0 6 
7 4 8 
step: 962
1 2 5 
3 4 6 
7 0 8 
step: 963
1 2 5 
3 4 6 
7 8 0 
step: 964
1 2 5 
3 4 0 
7 8 6 
step: 965
1 2 5 
3 4 6 
7 8 0 
step: 966
1 2 5 
3 4 6 
0 7 8 
step: 967
1 2 5 
3 4 6 
7 0 8 
step: 968
1 0 5 
3 2 6 
7 4 8 
step: 969
1 2 5 
3 4 6 
7 8 0 
step: 970
1 2 5 
3 4 6 
0 7 8 
step: 971
1 2 5 
3 4 6 
7 8 0 
step: 972
1 2 5 
3 4 6 
7 0 8 
step: 973
1 2 5 
3 4 6 
7 8 0 
step: 974
1 2 5 
3 4 6 
7 8 0 
step: 975
1 2 5 
7 3 6 
4 8 0 
step: 976
1 2 5 
7 3 6 
4 8 0 
step: 977
1 5 0 
3 2 6 
7 4 8 
step: 978
2 3 0 
1 4 5 
7 8 6 
step: 979
1 2 5 
3 6 8 
7 4 0 
step: 980
1 2 0 
3 4 5 
7 8 6 
step: 981
1 2 5 
3 6 0 
7 4 8 
step: 982
3 1 2 
0 6 5 
7 4 8 
step: 983
1 2 5 
3 4 6 
7 8 0 
step: 984
1 2 5 
3 4 6 
7 8 0 
step: 985
1 5 0 
7 2 3 
4 8 6 
step: 986
1 2 0 
3 4 5 
7 8 6 
step: 987
1 2 5 
3 4 6 
7 8 0 
step: 988
1 2 5 
3 6 0 
7 4 8 
step: 989
1 2 5 
3 6 0 
7 4 8 
step: 990
3 1 5 
0 2 6 
7 4 8 
step: 991
1 2 5 
3 4 6 
7 0 8 
step: 992
1 0 5 
3 2 6 
7 4 8 
step: 993
1 2 5 
3 4 6 
0 7 8 
step: 994
1 2 5 
3 6 0 
7 4 8 
step: 995
1 2 5 
3 4 0 
7 8 6 
step: 996
1 2 5 
3 4 6 
7 0 8 
step: 997
0 2 5 
1 3 6 
7 4 8 
step: 998
1 2 5 
3 4 6 
0 7 8 
step: 999
1 2 5 
0 3 6 
7 4 8 
step: 1000
1 2 5 
7 3 6 
4 8 0 
step: 1001
1 2 5 
0 3 6 
7 4 8 
step: 1002
1 2 5 
3 4 6 
7 8 0 
step: 1003
1 2 5 
3 4 6 
7 0 8 
step: 1004
1 2 5 
3 4 6 
7 0 8 
step: 1005
1 2 5 
3 4 6 
7 0 8 
step: 1006
1 2 5 
3 4 6 
7 0 8 
step: 1007
1 2 5 
7 3 6 
4 8 0 
step: 1008
1 2 5 
0 3 6 
7 4 8 
step: 1009
1 2 5 
3 4 6 
7 0 8 
step: 1010
2 5 0 
1 3 6 
7 4 8 
step: 1011
1 2 5 
3 0 6 
7 4 8 
step: 1012
1 2 5 
7 3 0 
4 8 6 
step: 1013
1 2 5 
3 4 6 
7 0 8 
step: 1014
1 2 5 
3 4 6 
7 8 0 
step: 1015
1 2 5 
0 3 6 
7 4 8 
step: 1016
1 2 5 
7 3 6 
0 4 8 
step: 1017
1 2 5 
7 3 6 
4 8 0 
step: 1018
1 2 5 
3 0 6 
7 4 8 
step: 1019
1 2 5 
3 0 6 
7 4 8 
step: 1020
1 2 5 
3 4 6 
7 8 0 
step: 1021
2 3 5 
1 4 6 
7 0 8 
step: 1022
1 2 0 
3 4 5 
7 8 6 
step: 1023
1 2 5 
7 3 6 
0 4 8 
step: 1024
1 2 5 
3 0 6 
7 4 8 
step: 1025
1 2 5 
0 3 4 
7 8 6 
step: 1026
1 2 5 
3 0 6 
7 4 8 
step: 1027
1 2 5 
3 4 6 
0 7 8 
step: 1028
1 2 5 
3 4 6 
7 0 8 
step: 1029
1 3 2 
7 5 0 
4 8 6 
step: 1030
1 2 5 
4 0 6 
3 7 8 
step: 1031
1 2 5 
3 0 6 
7 4 8 
step: 1032
1 2 5 
3 4 6 
7 0 8 
step: 1033
1 4 2 
3 5 6 
7 8 0 
step: 1034
1 2 5 
7 3 6 
4 0 8 
step: 1035
1 2 5 
3 0 6 
7 4 8 
step: 1036
1 2 5 
3 4 6 
7 8 0 
step: 1037
1 2 0 
3 4 5 
7 8 6 
step: 1038
1 2 0 
3 6 5 
7 4 8 
step: 1039
1 2 5 
3 0 6 
7 4 8 
step: 1040
1 2 5 
3 4 6 
7 0 8 
step: 1041
1 2 5 
7 3 6 
0 4 8 
step: 1042
1 2 5 
3 0 6 
7 4 8 
step: 1043
1 2 5 
7 3 6 
0 4 8 
step: 1044
1 2 5 
3 0 6 
7 4 8 
step: 1045
1 2 5 
3 4 6 
7 0 8 
step: 1046
1 2 5 
0 3 6 
7 4 8 
step: 1047
1 2 5 
3 6 0 
7 4 8 
step: 1048
0 2 5 
1 3 4 
7 8 6 
step: 1049
1 2 5 
3 4 0 
7 8 6 
step: 1050
1 2 5 
3 4 6 
7 0 8 
step: 1051
1 2 0 
3 4 5 
7 8 6 
step: 1052
1 2 5 
7 3 6 
4 8 0 
step: 1053
1 2 5 
0 3 6 
7 4 8 
step: 1054
1 2 0 
3 4 5 
7 8 6 
step: 1055
1 2 5 
3 4 6 
0 7 8 
step: 1056
1 0 5 
3 2 6 
7 4 8 
step: 1057
1 2 5 
3 0 6 
7 4 8 
step: 1058
1 2 5 
7 0 3 
4 8 6 
step: 1059
1 2 5 
3 4 6 
7 8 0 
step: 1060
1 2 0 
3 4 5 
7 8 6 
step: 1061
1 2 5 
0 3 6 
7 4 8 
step: 1062
1 5 0 
3 2 6 
7 4 8 
step: 1063
1 2 5 
3 4 6 
7 8 0 
step: 1064
1 2 5 
7 0 3 
4 8 6 
step: 1065
0 2 5 
1 4 6 
3 7 8 
step: 1066
0 2 5 
1 3 6 
7 4 8 
step: 1067
1 2 5 
0 3 6 
7 4 8 
step: 1068
1 2 5 
3 4 6 
7 0 8 
step: 1069
0 2 5 
1 3 6 
7 4 8 
step: 1070
1 2 0 
3 6 5 
7 4 8 
step: 1071
1 2 5 
3 4 6 
7 0 8 
step: 1072
1 2 5 
3 4 6 
7 0 8 
step: 1073
2 3 5 
1 4 6 
7 0 8 
step: 1074
1 2 5 
0 3 6 
7 4 8 
step: 1075
1 2 5 
3 4 6 
7 8 0 
step: 1076
1 2 5 
3 0 6 
7 4 8 
step: 1077
1 2 5 
3 0 4 
7 8 6 
step: 1078
1 2 0 
3 4 5 
7 8 6 
step: 1079
1 2 5 
0 3 6 
7 4 8 
step: 1080
1 2 5 
3 4 6 
7 8 0 
step: 1081
1 5 6 
3 2 0 
7 4 8 
step: 1082
1 2 5 
3 0 6 
7 4 8 
step: 1083
0 2 5 
1 3 6 
7 4 8 
step: 1084
1 2 5 
0 3 6 
7 4 8 
step: 1085
1 2 5 
3 4 0 
7 8 6 
step: 1086
1 2 0 
3 4 5 
7 8 6 
step: 1087
1 2 0 
3 4 5 
7 8 6 
step: 1088
1 2 0 
3 4 5 
7 8 6 
step: 1089
1 2 5 
3 4 6 
7 0 8 
step: 1090
1 2 0 
3 6 5 
7 4 8 
step: 1091
1 5 6 
3 2 8 
7 4 0 
step: 1092
0 1 5 
3 2 6 
7 4 8 
step: 1093
1 2 5 
0 3 6 
7 4 8 
step: 1094
1 2 5 
3 4 0 
7 8 6 
step: 1095
1 2 5 
7 3 6 
4 0 8 
step: 1096
1 2 5 
3 4 6 
7 8 0 
step: 1097
1 2 5 
3 4 6 
7 0 8 
step: 1098
1 2 0 
3 6 5 
7 4 8 
step: 1099
1 2 5 
3 4 6 
7 8 0 
step: 1100
1 2 5 
7 3 0 
4 8 6 
step: 1101
1 2 5 
3 4 6 
7 8 0 
step: 1102
1 2 5 
3 4 6 
7 8 0 
step: 1103
1 2 5 
3 4 0 
7 8 6 
step: 1104
1 2 5 
0 3 6 
7 4 8 
step: 1105
1 2 5 
3 4 6 
7 0 8 
step: 1106
1 5 0 
3 2 6 
7 4 8 
step: 1107
1 2 0 
7 3 5 
4 8 6 
step: 1108
1 2 5 
7 3 6 
4 8 0 
step: 1109
0 2 5 
1 3 6 
7 4 8 
step: 1110
1 2 5 
3 4 6 
7 0 8 
step: 1111
1 5 0 
3 2 6 
7 4 8 
step: 1112
1 3 2 
7 5 6 
4 8 0 
step: 1113
2 0 5 
1 3 6 
7 4 8 
step: 1114
1 2 5 
0 3 6 
7 4 8 
step: 1115
1 2 5 
7 3 6 
4 8 0 
step: 1116
2 3 5 
0 1 6 
7 4 8 
step: 1117
1 2 5 
3 4 0 
7 8 6 
step: 1118
1 2 5 
0 3 6 
7 4 8 
step: 1119
1 2 5 
3 4 6 
7 0 8 
step: 1120
1 2 5 
3 4 6 
7 8 0 
step: 1121
1 2 5 
3 4 6 
0 7 8 
step: 1122
1 2 0 
7 3 5 
4 8 6 
step: 1123
1 2 0 
3 4 5 
7 8 6 
step: 1124
1 2 5 
7 3 6 
4 0 8 
step: 1125
1 2 5 
3 4 6 
7 0 8 
step: 1126
1 2 5 
0 3 6 
7 4 8 
step: 1127
1 2 5 
0 3 6 
7 4 8 
step: 1128
1 2 5 
3 0 6 
7 4 8 
step: 1129
1 2 5 
3 0 6 
7 4 8 
step: 1130
1 2 5 
3 4 6 
7 8 0 
step: 1131
1 2 5 
0 3 6 
7 4 8 
step: 1132
1 2 5 
0 3 6 
7 4 8 
step: 1133
1 2 5 
0 3 6 
7 4 8 
step: 1134
1 2 5 
3 4 6 
7 8 0 
step: 1135
1 2 5 
3 4 6 
7 0 8 
step: 1136
1 2 5 
3 4 6 
7 0 8 
step: 1137
1 2 5 
0 3 6 
7 4 8 
step: 1138
1 2 5 
3 4 0 
7 8 6 
step: 1139
1 2 5 
0 3 6 
7 4 8 
step: 1140
1 2 5 
3 4 6 
7 8 0 
step: 1141
1 2 5 
0 3 6 
7 4 8 
step: 1142
1 2 5 
3 4 6 
7 0 8 
step: 1143
1 2 5 
7 3 6 
4 8 0 
step: 1144
1 2 5 
4 0 6 
3 7 8 
step: 1145
1 2 5 
3 4 6 
7 8 0 
step: 1146
1 5 6 
3 2 0 
7 4 8 
step: 1147
1 2 5 
3 0 6 
7 4 8 
step: 1148
1 2 5 
3 4 6 
7 8 0 
step: 1149
1 2 0 
3 4 5 
7 8 6 
step: 1150
1 2 5 
3 0 6 
7 4 8 
step: 1151
1 2 5 
3 4 6 
7 8 0 
step: 1152
1 2 5 
3 4 6 
7 0 8 
step: 1153
1 2 5 
3 4 6 
7 0 8 
step: 1154
1 0 5 
3 2 6 
7 4 8 
step: 1155
2 3 5 
1 0 6 
7 4 8 
step: 1156
1 2 5 
0 3 6 
7 4 8 
step: 1157
1 2 5 
0 3 6 
7 4 8 
step: 1158
1 2 5 
3 4 6 
7 8 0 
step: 1159
1 0 2 
3 4 5 
7 8 6 
step: 1160
1 2 5 
7 3 0 
4 8 6 
step: 1161
1 2 5 
7 3 6 
4 0 8 
step: 1162
1 0 2 
3 4 5 
7 8 6 
step: 1163
1 2 5 
3 6 8 
7 4 0 
step: 1164
1 2 5 
3 4 6 
7 8 0 
step: 1165
1 2 5 
0 3 6 
7 4 8 
step: 1166
1 2 5 
0 3 6 
7 4 8 
step: 1167
1 2 5 
3 4 6 
7 0 8 
step: 1168
1 2 5 
0 3 6 
7 4 8 
step: 1169
1 2 5 
7 3 6 
4 0 8 
step: 1170
1 2 5 
0 3 6 
7 4 8 
step: 1171
1 2 5 
3 0 6 
7 4 8 
step: 1172
1 2 5 
7 3 6 
4 8 0 
step: 1173
1 5 0 
3 2 6 
7 4 8 
step: 1174
1 2 0 
3 4 5 
7 8 6 
step: 1175
1 2 5 
7 3 6 
4 8 0 
step: 1176
1 2 5 
3 4 6 
7 8 0 
step: 1177
1 2 5 
3 6 0 
7 4 8 
step: 1178
1 0 5 
3 2 6 
7 4 8 
step: 1179
1 2 5 
7 0 3 
4 8 6 
step: 1180
1 2 5 
0 3 6 
7 4 8 
step: 1181
1 2 5 
3 4 6 
7 8 0 
step: 1182
1 2 5 
7 3 6 
4 0 8 
step: 1183
1 2 5 
3 4 6 
7 8 0 
step: 1184
1 2 5 
3 4 6 
7 8 0 
step: 1185
1 2 5 
3 4 6 
7 0 8 
step: 1186
2 3 5 
1 4 6 
7 8 0 
step: 1187
1 2 5 
3 4 6 
7 8 0 
step: 1188
1 2 5 
7 3 6 
4 8 0 
step: 1189
1 2 5 
3 4 6 
7 0 8 
step: 1190
1 5 0 
3 2 6 
7 4 8 
step: 1191
1 2 5 
3 4 6 
7 8 0 
step: 1192
1 2 0 
3 6 5 
7 4 8 
step: 1193
1 2 5 
0 3 6 
7 4 8 
step: 1194
1 2 0 
3 4 5 
7 8 6 
step: 1195
1 2 5 
0 3 6 
7 4 8 
step: 1196
1 2 5 
0 3 6 
7 4 8 
step: 1197
1 2 5 
3 0 6 
7 4 8 
step: 1198
1 2 5 
3 4 0 
7 8 6 
step: 1199
1 2 5 
3 4 6 
7 8 0 
step: 1200
3 1 2 
4 5 0 
7 8 6 
step: 1201
1 2 5 
3 6 0 
7 4 8 
step: 1202
1 2 5 
3 6 0 
7 4 8 
step: 1203
1 2 5 
0 3 4 
7 8 6 
step: 1204
1 5 0 
3 2 6 
7 4 8 
step: 1205
1 2 5 
0 3 4 
7 8 6 
step: 1206
0 2 5 
1 3 6 
7 4 8 
step: 1207
1 2 5 
3 4 6 
7 0 8 
step: 1208
1 2 5 
4 0 6 
3 7 8 
step: 1209
1 2 5 
3 4 6 
7 0 8 
step: 1210
1 2 5 
7 3 6 
4 0 8 
step: 1211
1 2 5 
7 3 6 
4 8 0 
step: 1212
1 2 5 
3 4 6 
7 0 8 
step: 1213
1 2 5 
3 4 6 
7 0 8 
step: 1214
1 2 5 
3 6 0 
7 4 8 
step: 1215
1 2 5 
0 3 6 
7 4 8 
step: 1216
1 5 0 
3 2 6 
7 4 8 
step: 1217
1 6 2 
3 4 5 
7 8 0 
step: 1218
1 5 0 
3 2 6 
7 4 8 
step: 1219
1 2 5 
7 0 6 
4 3 8 
step: 1220
1 2 5 
3 4 6 
7 0 8 
step: 1221
1 2 5 
3 4 6 
0 7 8 
step: 1222
1 2 0 
3 4 5 
7 8 6 
step: 1223
1 2 5 
3 0 6 
7 4 8 
step: 1224
2 3 5 
1 0 6 
7 4 8 
step: 1225
1 2 5 
3 0 6 
7 4 8 
step: 1226
1 2 0 
3 4 5 
7 8 6 
step: 1227
1 2 0 
3 4 5 
7 8 6 
step: 1228
1 2 0 
3 4 5 
7 8 6 
step: 1229
1 2 5 
3 4 6 
7 0 8 
step: 1230
1 2 5 
7 3 6 
4 0 8 
step: 1231
1 2 5 
7 3 6 
4 0 8 
step: 1232
1 2 5 
3 4 6 
7 8 0 
step: 1233
1 2 5 
7 3 6 
4 0 8 
step: 1234
1 2 5 
3 4 6 
7 0 8 
step: 1235
1 2 0 
3 4 5 
7 8 6 
step: 1236
1 2 5 
3 6 0 
7 4 8 
step: 1237
1 2 5 
4 7 6 
0 3 8 
step: 1238
1 2 0 
3 4 5 
7 8 6 
step: 1239
1 2 5 
7 3 6 
4 0 8 
step: 1240
1 2 5 
3 0 6 
7 4 8 
step: 1241
1 5 0 
3 2 6 
7 4 8 
step: 1242
1 2 5 
7 3 6 
4 0 8 
step: 1243
1 2 5 
3 4 6 
7 0 8 
step: 1244
1 2 5 
3 4 0 
7 8 6 
step: 1245
1 2 5 
3 4 6 
7 0 8 
step: 1246
0 2 5 
1 3 6 
7 4 8 
step: 1247
1 2 5 
3 4 6 
7 8 0 
step: 1248
1 2 5 
3 0 6 
7 4 8 
step: 1249
0 2 5 
1 3 6 
7 4 8 
step: 1250
1 2 5 
0 3 6 
7 4 8 
step: 1251
1 2 5 
3 4 6 
7 8 0 
step: 1252
1 2 5 
3 4 6 
7 8 0 
step: 1253
2 3 5 
1 4 6 
7 8 0 
step: 1254
2 3 5 
1 0 6 
7 4 8 
step: 1255
1 2 5 
3 4 0 
7 8 6 
step: 1256
1 2 5 
3 0 6 
7 4 8 
step: 1257
1 2 5 
7 3 6 
4 8 0 
step: 1258
1 2 5 
7 3 6 
0 4 8 
step: 1259
1 2 5 
7 3 6 
4 8 0 
step: 1260
1 2 5 
0 3 6 
7 4 8 
step: 1261
1 2 5 
3 6 0 
7 4 8 
step: 1262
1 2 5 
0 3 6 
7 4 8 
step: 1263
1 2 5 
7 3 6 
4 8 0 
step: 1264
1 2 5 
0 3 6 
7 4 8 
step: 1265
1 2 5 
3 4 6 
7 0 8 
step: 1266
1 2 5 
3 4 6 
7 0 8 
step: 1267
1 2 5 
0 3 6 
7 4 8 
step: 1268
1 5 0 
3 2 6 
7 4 8 
step: 1269
1 2 5 
3 0 6 
7 4 8 
step: 1270
1 2 5 
7 3 6 
4 8 0 
step: 1271
0 2 5 
1 3 6 
7 4 8 
step: 1272
1 2 5 
3 0 6 
7 4 8 
step: 1273
1 2 5 
3 4 6 
7 8 0 
step: 1274
1 2 5 
0 3 6 
7 4 8 
step: 1275
1 2 0 
3 4 5 
7 8 6 
step: 1276
1 2 5 
3 0 6 
7 4 8 
step: 1277
3 1 5 
0 2 6 
7 4 8 
step: 1278
2 5 0 
1 3 6 
7 4 8 
step: 1279
1 2 5 
3 4 6 
7 8 0 
step: 1280
1 2 5 
3 4 6 
7 8 0 
step: 1281
1 2 5 
3 0 6 
7 4 8 
step: 1282
1 2 5 
3 4 0 
7 8 6 
step: 1283
1 2 5 
7 3 6 
4 8 0 
step: 1284
2 3 5 
1 4 6 
7 0 8 
step: 1285
1 2 5 
3 4 6 
7 8 0 
step: 1286
1 2 5 
0 3 6 
7 4 8 
step: 1287
1 2 5 
7 0 6 
4 3 8 
step: 1288
1 2 5 
3 4 6 
7 8 0 
step: 1289
1 2 0 
3 6 5 
7 4 8 
step: 1290
1 2 5 
7 3 6 
4 0 8 
step: 1291
1 2 0 
3 4 5 
7 8 6 
step: 1292
1 2 5 
3 4 6 
7 8 0 
step: 1293
1 2 0 
3 4 5 
7 8 6 
step: 1294
1 2 0 
3 6 5 
7 4 8 
step: 1295
1 2 5 
3 4 6 
7 0 8 
step: 1296
1 2 5 
3 4 6 
7 8 0 
step: 1297
1 2 5 
3 4 6 
7 0 8 
step: 1298
1 2 5 
3 4 0 
7 8 6 
step: 1299
1 2 5 
3 0 6 
7 4 8 
step: 1300
1 2 5 
3 0 6 
7 4 8 
step: 1301
1 2 5 
0 3 6 
7 4 8 
step: 1302
1 2 5 
3 4 6 
7 0 8 
step: 1303
1 2 5 
3 4 6 
7 0 8 
step: 1304
1 2 5 
3 4 6 
7 8 0 
step: 1305
1 2 5 
3 4 6 
7 8 0 
step: 1306
1 2 5 
0 3 6 
7 4 8 
step: 1307
1 2 5 
0 3 6 
7 4 8 
step: 1308
1 2 0 
3 6 5 
7 4 8 
step: 1309
1 2 0 
3 6 5 
7 4 8 
step: 1310
1 5 0 
3 2 6 
7 4 8 
step: 1311
1 5 3 
7 2 0 
4 8 6 
step: 1312
1 2 5 
0 3 6 
7 4 8 
step: 1313
1 2 5 
3 4 6 
7 8 0 
step: 1314
1 2 5 
3 4 6 
7 0 8 
step: 1315
1 2 5 
3 4 6 
7 8 0 
step: 1316
2 3 5 
1 4 6 
7 8 0 
step: 1317
1 2 5 
0 3 6 
7 4 8 
step: 1318
1 2 5 
3 4 6 
7 0 8 
step: 1319
1 2 5 
3 4 6 
7 8 0 
step: 1320
1 2 5 
3 0 6 
7 4 8 
step: 1321
1 2 5 
7 0 6 
4 3 8 
step: 1322
1 2 0 
3 4 5 
7 8 6 
step: 1323
0 2 5 
1 3 6 
7 4 8 
step: 1324
1 2 0 
3 4 5 
7 8 6 
step: 1325
1 5 0 
3 2 6 
7 4 8 
step: 1326
1 2 5 
0 3 6 
7 4 8 
step: 1327
1 2 5 
3 4 6 
7 0 8 
step: 1328
1 2 5 
3 4 6 
7 0 8 
step: 1329
1 2 5 
3 4 6 
7 8 0 
step: 1330
1 2 5 
3 4 6 
7 8 0 
step: 1331
1 2 5 
3 0 6 
7 4 8 
step: 1332
1 5 0 
4 2 6 
3 7 8 
step: 1333
1 2 5 
3 0 6 
7 4 8 
step: 1334
1 2 5 
0 3 6 
7 4 8 
step: 1335
1 2 5 
0 3 6 
7 4 8 
step: 1336
1 2 5 
0 3 6 
7 4 8 
step: 1337
1 2 5 
3 4 6 
7 0 8 
step: 1338
1 2 5 
3 4 6 
7 0 8 
step: 1339
0 2 5 
1 3 6 
7 4 8 
step: 1340
1 2 5 
3 4 6 
7 8 0 
step: 1341
1 2 5 
3 0 6 
7 4 8 
step: 1342
1 5 0 
3 2 6 
7 4 8 
step: 1343
1 2 5 
0 3 6 
7 4 8 
step: 1344
2 3 5 
1 4 6 
7 0 8 
step: 1345
1 2 0 
3 4 5 
7 8 6 
step: 1346
1 2 5 
3 4 6 
7 8 0 
step: 1347
1 2 5 
0 3 6 
7 4 8 
step: 1348
1 2 5 
3 4 6 
7 0 8 
step: 1349
1 2 5 
0 3 6 
7 4 8 
step: 1350
1 2 5 
0 3 6 
7 4 8 
step: 1351
1 2 5 
3 4 6 
7 8 0 
step: 1352
1 2 5 
3 4 6 
7 8 0 
step: 1353
1 2 5 
3 4 6 
7 0 8 
step: 1354
1 2 5 
0 3 6 
7 4 8 
step: 1355
1 2 5 
3 4 6 
7 8 0 
step: 1356
1 2 0 
7 3 5 
4 8 6 
step: 1357
1 2 5 
7 0 3 
4 8 6 
step: 1358
1 2 5 
0 3 6 
7 4 8 
step: 1359
3 1 2 
4 5 6 
7 8 0 
step: 1360
1 2 5 
3 4 6 
7 8 0 
step: 1361
1 2 5 
0 3 6 
7 4 8 
step: 1362
1 2 5 
7 3 6 
4 8 0 
step: 1363
1 5 0 
3 2 4 
7 8 6 
step: 1364
1 5 0 
3 2 6 
7 4 8 
step: 1365
1 2 5 
3 4 6 
7 8 0 
step: 1366
1 2 5 
0 3 6 
7 4 8 
step: 1367
1 2 0 
7 3 5 
4 8 6 
step: 1368
1 2 5 
3 4 6 
7 8 0 
step: 1369
1 2 5 
3 4 6 
7 0 8 
step: 1370
1 2 5 
3 0 6 
7 4 8 
step: 1371
1 2 5 
7 3 6 
4 8 0 
step: 1372
0 2 5 
1 3 6 
7 4 8 
step: 1373
1 2 5 
3 4 6 
7 0 8 
step: 1374
2 3 5 
1 4 6 
7 0 8 
step: 1375
1 2 5 
0 3 6 
7 4 8 
step: 1376
1 5 6 
3 4 2 
7 8 0 
step: 1377
1 2 5 
7 3 6 
0 4 8 
step: 1378
1 2 5 
3 0 6 
7 4 8 
step: 1379
1 0 2 
3 6 5 
7 4 8 
step: 1380
1 5 3 
7 2 6 
4 8 0 
step: 1381
2 3 5 
1 0 6 
7 4 8 
step: 1382
1 2 5 
7 3 6 
4 8 0 
step: 1383
1 2 5 
3 4 0 
7 8 6 
step: 1384
1 2 5 
3 4 6 
7 0 8 
step: 1385
1 2 5 
3 4 6 
7 8 0 
step: 1386
1 2 0 
3 6 5 
7 4 8 
step: 1387
1 2 5 
3 4 6 
7 8 0 
step: 1388
1 2 0 
3 4 5 
7 8 6 
step: 1389
1 2 5 
3 4 0 
7 8 6 
step: 1390
1 2 5 
3 4 6 
7 8 0 
step: 1391
1 2 5 
0 3 6 
7 4 8 
step: 1392
1 2 5 
3 4 6 
7 8 0 
step: 1393
2 3 5 
1 4 6 
7 0 8 
step: 1394
1 2 5 
3 4 6 
7 0 8 
step: 1395
1 2 5 
0 3 6 
7 4 8 
step: 1396
1 2 5 
0 3 6 
7 4 8 
step: 1397
1 2 5 
7 3 6 
4 0 8 
step: 1398
1 2 5 
3 4 6 
7 0 8 
step: 1399
1 2 5 
0 3 4 
7 8 6 
step: 1400
1 2 5 
3 4 6 
7 8 0 
step: 1401
1 2 5 
0 3 4 
7 8 6 
step: 1402
1 2 5 
3 4 6 
7 8 0 
step: 1403
1 2 5 
3 4 6 
0 7 8 
step: 1404
1 2 5 
7 3 6 
4 0 8 
step: 1405
1 2 5 
3 4 6 
7 0 8 
step: 1406
1 2 0 
3 6 5 
7 4 8 
step: 1407
1 2 5 
3 4 6 
7 0 8 
step: 1408
1 2 5 
3 4 6 
7 8 0 
step: 1409
1 2 5 
0 3 6 
7 4 8 
step: 1410
1 2 5 
7 3 6 
4 8 0 
step: 1411
1 2 5 
3 4 6 
0 7 8 
step: 1412
1 2 5 
3 4 6 
7 0 8 
step: 1413
1 2 5 
3 4 6 
7 0 8 
step: 1414
1 2 5 
3 4 0 
7 8 6 
step: 1415
1 2 5 
3 0 6 
7 4 8 
step: 1416
1 2 0 
3 4 5 
7 8 6 
step: 1417
1 2 5 
3 0 6 
7 4 8 
step: 1418
1 2 5 
3 4 6 
7 8 0 
step: 1419
1 5 0 
3 2 6 
7 4 8 
step: 1420
1 2 5 
3 4 6 
7 8 0 
step: 1421
2 3 0 
1 6 5 
7 4 8 
step: 1422
1 2 5 
3 4 6 
7 8 0 
step: 1423
1 2 5 
7 3 6 
4 8 0 
step: 1424
1 2 5 
3 0 6 
7 4 8 
step: 1425
1 2 5 
7 3 6 
4 0 8 
step: 1426
1 2 5 
7 3 6 
0 4 8 
step: 1427
1 2 5 
3 4 6 
7 8 0 
step: 1428
1 2 5 
3 4 6 
7 0 8 
step: 1429
1 2 5 
3 4 6 
7 8 0 
step: 1430
1 2 5 
3 4 6 
7 0 8 
step: 1431
1 2 5 
3 4 6 
7 8 0 
step: 1432
1 2 5 
7 3 6 
0 4 8 
step: 1433
1 2 5 
3 4 6 
7 0 8 
step: 1434
1 2 5 
3 6 0 
7 4 8 
step: 1435
1 2 5 
3 4 6 
7 8 0 
step: 1436
1 2 5 
3 0 6 
7 4 8 
step: 1437
1 2 5 
3 4 6 
7 8 0 
step: 1438
1 2 5 
3 4 6 
0 7 8 
step: 1439
1 2 5 
3 4 6 
7 8 0 
step: 1440
1 2 5 
3 4 6 
7 8 0 
step: 1441
1 2 5 
7 3 6 
4 0 8 
step: 1442
1 2 5 
0 3 6 
7 4 8 
step: 1443
1 2 5 
3 4 6 
7 0 8 
step: 1444
1 2 5 
3 4 0 
7 8 6 
step: 1445
1 2 5 
3 4 6 
7 8 0 
step: 1446
1 5 0 
3 2 6 
7 4 8 
step: 1447
1 2 5 
3 0 6 
7 4 8 
step: 1448
1 2 5 
7 3 6 
4 0 8 
step: 1449
1 2 5 
3 4 6 
7 8 0 
step: 1450
1 2 5 
3 0 6 
7 4 8 
step: 1451
1 2 5 
0 3 6 
7 4 8 
step: 1452
1 2 5 
3 4 6 
7 0 8 
step: 1453
3 1 5 
0 2 6 
7 4 8 
step: 1454
1 2 5 
0 3 6 
7 4 8 
step: 1455
1 2 5 
7 3 6 
4 8 0 
step: 1456
1 2 5 
3 0 6 
7 4 8 
step: 1457
1 2 5 
3 4 0 
7 8 6 
step: 1458
1 2 5 
0 3 6 
7 4 8 
step: 1459
1 2 5 
0 3 6 
7 4 8 
step: 1460
1 2 5 
0 3 6 
7 4 8 
step: 1461
1 2 5 
0 3 6 
7 4 8 
step: 1462
2 3 5 
1 4 6 
7 8 0 
step: 1463
2 3 5 
1 4 6 
7 8 0 
step: 1464
1 2 5 
3 4 6 
7 8 0 
step: 1465
1 2 5 
3 0 6 
7 4 8 
step: 1466
1 2 5 
3 0 6 
7 4 8 
step: 1467
1 2 0 
3 4 5 
7 8 6 
step: 1468
1 2 5 
7 3 6 
4 8 0 
step: 1469
1 2 5 
3 4 6 
7 8 0 
step: 1470
1 2 5 
0 3 6 
7 4 8 
step: 1471
1 2 5 
7 3 6 
4 0 8 
step: 1472
1 2 5 
7 3 6 
4 8 0 
step: 1473
1 2 5 
7 0 3 
4 8 6 
step: 1474
1 2 5 
3 4 6 
7 8 0 
step: 1475
1 2 5 
0 3 6 
7 4 8 
step: 1476
1 2 5 
3 4 6 
7 8 0 
step: 1477
1 2 5 
0 3 6 
7 4 8 
step: 1478
1 2 5 
3 4 6 
7 0 8 
step: 1479
1 2 5 
3 0 6 
7 4 8 
step: 1480
1 2 5 
3 0 6 
7 4 8 
step: 1481
1 2 5 
0 3 6 
7 4 8 
step: 1482
1 2 5 
3 0 6 
7 4 8 
step: 1483
1 0 2 
3 6 5 
7 4 8 
step: 1484
1 2 0 
3 6 5 
7 4 8 
step: 1485
1 2 5 
3 4 6 
7 8 0 
step: 1486
1 2 5 
7 3 6 
4 8 0 
step: 1487
1 2 5 
3 4 6 
7 0 8 
step: 1488
1 2 5 
3 4 6 
7 8 0 
step: 1489
1 2 5 
7 3 6 
4 8 0 
step: 1490
1 2 5 
3 0 6 
7 4 8 
step: 1491
1 5 0 
3 2 6 
7 4 8 
step: 1492
1 2 5 
3 4 6 
7 8 0 
step: 1493
1 2 0 
3 6 5 
7 4 8 
step: 1494
1 2 5 
3 4 6 
7 0 8 
step: 1495
1 2 5 
3 4 6 
7 8 0 
step: 1496
1 2 5 
3 4 6 
7 8 0 
step: 1497
1 2 5 
0 3 6 
7 4 8 
step: 1498
1 2 5 
0 3 6 
7 4 8 
step: 1499
1 2 5 
0 3 6 
7 4 8 
step: 1500
1 2 5 
3 4 6 
7 8 0 
step: 1501
1 2 5 
3 4 6 
7 8 0 
step: 1502
1 2 5 
0 3 4 
7 8 6 
step: 1503
1 2 5 
0 3 6 
7 4 8 
step: 1504
1 2 0 
3 4 5 
7 8 6 
step: 1505
1 2 0 
3 6 5 
7 4 8 
step: 1506
1 2 5 
3 4 6 
7 8 0 
step: 1507
1 2 0 
3 6 5 
7 4 8 
step: 1508
1 2 5 
3 4 6 
7 8 0 
step: 1509
1 5 0 
3 2 6 
7 4 8 
step: 1510
1 2 0 
3 4 5 
7 8 6 
step: 1511
1 2 5 
3 4 6 
7 8 0 
step: 1512
1 2 5 
3 4 6 
7 0 8 
step: 1513
1 2 5 
7 3 6 
4 0 8 
step: 1514
1 2 5 
3 4 6 
7 0 8 
step: 1515
1 2 5 
3 0 6 
7 4 8 
step: 1516
0 2 5 
1 3 6 
7 4 8 
step: 1517
1 2 0 
3 6 5 
7 4 8 
step: 1518
1 2 5 
3 4 6 
7 8 0 
step: 1519
1 2 5 
3 4 6 
7 8 0 
step: 1520
1 2 5 
7 0 3 
4 8 6 
step: 1521
1 2 5 
0 3 6 
7 4 8 
step: 1522
1 2 5 
3 4 6 
7 0 8 
step: 1523
1 2 5 
3 4 6 
7 8 0 
step: 1524
1 2 0 
3 4 5 
7 8 6 
step: 1525
1 2 5 
0 3 6 
7 4 8 
step: 1526
1 2 5 
3 6 0 
7 4 8 
step: 1527
1 2 0 
3 4 5 
7 8 6 
step: 1528
1 2 5 
0 3 6 
7 4 8 
step: 1529
1 2 5 
0 3 6 
7 4 8 
step: 1530
1 2 5 
3 6 0 
7 4 8 
step: 1531
2 3 5 
1 4 6 
7 8 0 
step: 1532
1 2 5 
7 3 6 
4 8 0 
step: 1533
1 2 5 
0 3 6 
7 4 8 
step: 1534
1 2 5 
0 3 6 
7 4 8 
step: 1535
1 2 5 
3 4 6 
7 8 0 
step: 1536
1 2 5 
7 3 6 
4 8 0 
step: 1537
1 2 0 
7 3 5 
4 8 6 
step: 1538
1 2 0 
3 6 5 
7 4 8 
step: 1539
1 2 0 
3 6 5 
7 4 8 
step: 1540
1 2 0 
3 4 5 
7 8 6 
step: 1541
1 2 5 
3 0 6 
7 4 8 
step: 1542
1 2 5 
3 4 6 
7 0 8 
step: 1543
1 2 5 
3 4 6 
7 8 0 
step: 1544
2 3 5 
1 4 6 
7 0 8 
step: 1545
1 2 0 
3 6 5 
7 4 8 
step: 1546
1 2 5 
3 4 6 
7 0 8 
step: 1547
1 2 5 
3 4 6 
7 8 0 
step: 1548
2 3 5 
1 4 6 
7 8 0 
step: 1549
1 2 5 
3 4 6 
7 0 8 
step: 1550
2 0 5 
1 3 6 
7 4 8 
step: 1551
2 5 0 
1 3 6 
7 4 8 
step: 1552
1 2 5 
7 3 6 
4 8 0 
step: 1553
1 2 5 
3 4 6 
7 0 8 
step: 1554
1 2 5 
7 3 6 
4 8 0 
step: 1555
1 2 5 
3 4 6 
7 8 0 
step: 1556
1 2 5 
3 4 6 
7 0 8 
step: 1557
1 2 5 
3 4 6 
7 0 8 
step: 1558
1 2 5 
3 4 6 
7 8 0 
step: 1559
1 2 5 
3 4 6 
7 0 8 
step: 1560
1 2 5 
0 3 6 
7 4 8 
step: 1561
1 2 5 
0 3 6 
7 4 8 
step: 1562
1 2 0 
3 4 5 
7 8 6 
step: 1563
1 2 5 
3 4 6 
7 0 8 
step: 1564
1 2 5 
7 3 6 
4 0 8 
step: 1565
1 2 5 
3 4 6 
7 0 8 
step: 1566
1 2 0 
3 4 5 
7 8 6 
step: 1567
2 5 0 
1 3 6 
7 4 8 
step: 1568
1 2 5 
0 3 6 
7 4 8 
step: 1569
1 2 5 
3 4 6 
7 0 8 
step: 1570
1 2 5 
3 4 6 
7 8 0 
step: 1571
2 3 5 
1 4 6 
7 8 0 
step: 1572
1 2 5 
0 3 6 
7 4 8 
step: 1573
1 2 5 
0 3 6 
7 4 8 
step: 1574
1 2 5 
0 3 6 
7 4 8 
step: 1575
1 2 5 
0 3 6 
7 4 8 
step: 1576
1 2 0 
7 3 5 
4 8 6 
step: 1577
1 2 5 
7 3 6 
4 0 8 
step: 1578
1 2 5 
3 0 6 
7 4 8 
step: 1579
1 2 5 
3 4 6 
7 0 8 
step: 1580
1 2 5 
3 6 8 
7 4 0 
step: 1581
1 2 5 
3 4 6 
7 8 0 
step: 1582
1 2 5 
0 3 6 
7 4 8 
step: 1583
1 2 5 
3 4 6 
7 8 0 
step: 1584
1 2 5 
3 4 6 
7 8 0 
step: 1585
1 2 5 
7 3 6 
4 0 8 
step: 1586
1 2 0 
3 6 5 
7 4 8 
step: 1587
1 2 5 
0 3 6 
7 4 8 
step: 1588
1 2 5 
7 3 6 
0 4 8 
step: 1589
1 2 5 
3 4 6 
7 8 0 
step: 1590
1 2 5 
3 4 6 
7 8 0 
step: 1591
1 2 5 
7 3 6 
0 4 8 
step: 1592
1 2 5 
3 4 6 
7 8 0 
step: 1593
2 3 5 
1 0 6 
7 4 8 
step: 1594
1 2 5 
3 4 6 
7 8 0 
step: 1595
1 2 5 
3 0 6 
7 4 8 
step: 1596
1 2 5 
7 3 6 
4 0 8 
step: 1597
1 2 5 
3 4 6 
7 8 0 
step: 1598
2 3 5 
1 4 6 
7 8 0 
step: 1599
1 2 5 
3 4 6 
7 0 8 
step: 1600
0 2 5 
1 3 6 
7 4 8 
step: 1601
3 1 5 
2 4 6 
7 0 8 
step: 1602
3 1 5 
0 2 6 
7 4 8 
step: 1603
1 2 5 
3 4 6 
7 0 8 
step: 1604
1 2 5 
3 4 6 
7 0 8 
step: 1605
1 2 5 
7 3 6 
4 8 0 
step: 1606
1 2 5 
3 4 6 
7 0 8 
step: 1607
1 2 5 
3 4 6 
7 8 0 
step: 1608
1 5 0 
3 2 6 
7 4 8 
step: 1609
1 2 5 
0 3 6 
7 4 8 
step: 1610
2 0 5 
1 3 6 
7 4 8 
step: 1611
1 2 5 
3 4 6 
7 8 0 
step: 1612
0 1 5 
3 2 6 
7 4 8 
step: 1613
1 2 5 
7 3 6 
4 8 0 
step: 1614
1 2 5 
0 3 6 
7 4 8 
step: 1615
1 2 5 
3 0 6 
7 4 8 
step: 1616
1 2 5 
3 4 6 
7 0 8 
step: 1617
1 2 5 
3 4 6 
7 8 0 
step: 1618
1 2 5 
3 6 0 
7 4 8 
step: 1619
2 3 5 
1 0 6 
7 4 8 
step: 1620
1 2 5 
3 4 6 
7 8 0 
step: 1621
1 2 5 
7 3 6 
4 0 8 
step: 1622
1 2 5 
3 4 6 
7 8 0 
step: 1623
1 2 5 
3 4 6 
7 0 8 
step: 1624
1 2 5 
3 4 6 
7 8 0 
step: 1625
1 2 0 
7 3 5 
4 8 6 
step: 1626
1 2 5 
3 4 6 
7 0 8 
step: 1627
1 2 5 
7 3 6 
4 8 0 
step: 1628
1 2 5 
3 4 6 
7 8 0 
step: 1629
1 2 0 
3 6 5 
7 4 8 
step: 1630
1 2 5 
0 3 6 
7 4 8 
step: 1631
1 2 0 
3 4 5 
7 8 6 
step: 1632
1 2 5 
3 4 6 
7 0 8 
step: 1633
1 2 5 
3 4 0 
7 8 6 
step: 1634
1 2 5 
3 4 6 
7 0 8 
step: 1635
1 2 5 
0 3 6 
7 4 8 
step: 1636
1 2 0 
3 4 5 
7 8 6 
step: 1637
1 2 5 
0 3 6 
7 4 8 
step: 1638
1 2 5 
3 0 6 
7 4 8 
step: 1639
1 2 5 
7 0 6 
4 3 8 
step: 1640
1 2 5 
0 3 6 
7 4 8 
step: 1641
1 2 5 
0 3 6 
7 4 8 
step: 1642
2 3 5 
1 4 6 
7 0 8 
step: 1643
1 5 0 
7 2 6 
4 3 8 
step: 1644
1 2 5 
3 0 6 
7 4 8 
step: 1645
1 2 5 
3 4 6 
7 8 0 
step: 1646
1 2 5 
3 4 6 
7 8 0 
step: 1647
1 2 5 
7 3 6 
4 0 8 
step: 1648
1 2 5 
3 4 6 
7 8 0 
step: 1649
1 2 5 
3 4 6 
7 0 8 
step: 1650
1 2 5 
3 4 6 
7 8 0 
step: 1651
1 2 5 
0 3 6 
7 4 8 
step: 1652
1 2 5 
3 4 6 
7 8 0 
step: 1653
1 5 0 
3 2 6 
7 4 8 
step: 1654
3 1 5 
2 4 6 
7 8 0 
step: 1655
1 2 5 
3 4 6 
7 0 8 
step: 1656
1 2 5 
3 0 6 
7 4 8 
step: 1657
1 2 5 
3 4 6 
7 8 0 
step: 1658
1 2 5 
3 4 6 
7 8 0 
step: 1659
1 2 5 
0 3 6 
7 4 8 
step: 1660
1 2 5 
3 4 6 
7 0 8 
step: 1661
1 2 5 
3 4 6 
7 0 8 
step: 1662
1 2 5 
3 4 6 
7 0 8 
step: 1663
0 2 5 
1 3 6 
7 4 8 
step: 1664
1 2 5 
3 4 6 
7 8 0 
step: 1665
1 2 5 
3 4 6 
7 8 0 
step: 1666
0 2 5 
1 3 6 
7 4 8 
step: 1667
1 2 5 
0 3 6 
7 4 8 
step: 1668
1 2 5 
7 3 6 
4 8 0 
step: 1669
2 3 5 
1 4 6 
7 8 0 
step: 1670
1 2 5 
3 4 6 
7 0 8 
step: 1671
2 0 3 
1 4 5 
7 8 6 
step: 1672
1 2 5 
0 3 6 
7 4 8 
step: 1673
1 2 5 
3 4 6 
7 8 0 
step: 1674
1 2 5 
3 4 6 
7 8 0 
step: 1675
2 3 5 
1 0 6 
7 4 8 
step: 1676
1 2 5 
0 3 6 
7 4 8 
step: 1677
1 2 5 
7 3 6 
4 8 0 
step: 1678
1 2 5 
7 3 6 
4 8 0 
step: 1679
1 2 5 
3 4 6 
7 8 0 
step: 1680
1 2 0 
3 4 5 
7 8 6 
step: 1681
1 2 5 
0 3 6 
7 4 8 
step: 1682
1 2 5 
3 0 6 
7 4 8 
step: 1683
1 2 5 
3 4 6 
7 8 0 
step: 1684
1 2 5 
3 4 6 
7 0 8 
step: 1685
1 2 5 
0 3 6 
7 4 8 
step: 1686
1 2 0 
3 6 5 
7 4 8 
step: 1687
1 2 5 
3 4 6 
7 8 0 
step: 1688
1 2 5 
0 3 6 
7 4 8 
step: 1689
1 2 5 
0 3 6 
7 4 8 
step: 1690
1 2 0 
3 4 5 
7 8 6 
step: 1691
1 2 5 
3 0 4 
7 8 6 
step: 1692
1 2 5 
7 3 6 
4 0 8 
step: 1693
1 2 5 
7 3 6 
4 0 8 
step: 1694
2 3 5 
1 4 6 
7 0 8 
step: 1695
1 2 5 
7 3 6 
4 0 8 
step: 1696
1 2 5 
7 3 6 
4 8 0 
step: 1697
1 2 5 
3 4 6 
7 0 8 
step: 1698
1 2 5 
7 3 6 
4 8 0 
step: 1699
1 2 5 
0 3 4 
7 8 6 
step: 1700
1 2 5 
0 3 6 
7 4 8 
step: 1701
1 2 5 
3 4 6 
7 8 0 
step: 1702
1 0 5 
3 2 6 
7 4 8 
step: 1703
1 2 5 
3 4 6 
7 8 0 
step: 1704
1 2 5 
0 3 6 
7 4 8 
step: 1705
1 2 5 
0 3 6 
7 4 8 
step: 1706
2 5 6 
1 0 3 
7 4 8 
step: 1707
1 2 5 
3 0 6 
7 4 8 
step: 1708
1 0 2 
3 4 5 
7 8 6 
step: 1709
1 2 5 
3 4 6 
7 8 0 
step: 1710
1 2 5 
3 4 6 
7 8 0 
step: 1711
1 0 5 
3 2 6 
7 4 8 
step: 1712
1 2 5 
3 4 6 
7 0 8 
step: 1713
1 2 5 
3 4 6 
7 8 0 
step: 1714
1 2 0 
3 4 5 
7 8 6 
step: 1715
1 2 5 
0 3 6 
7 4 8 
step: 1716
1 2 5 
3 4 6 
7 8 0 
step: 1717
1 2 5 
3 4 6 
7 8 0 
step: 1718
1 2 5 
4 6 0 
3 7 8 
step: 1719
2 5 6 
1 4 3 
7 0 8 
step: 1720
1 2 5 
3 4 6 
7 0 8 
step: 1721
1 2 5 
3 4 6 
7 8 0 
step: 1722
1 2 5 
3 4 6 
7 8 0 
step: 1723
1 2 5 
3 6 0 
7 4 8 
step: 1724
1 2 5 
3 0 6 
7 4 8 
step: 1725
1 2 5 
0 3 6 
7 4 8 
step: 1726
1 2 0 
3 6 5 
7 4 8 
step: 1727
2 0 6 
1 5 3 
7 4 8 
step: 1728
1 2 5 
3 8 4 
7 0 6 
step: 1729
1 2 5 
7 3 6 
4 8 0 
step: 1730
1 2 5 
7 0 6 
4 3 8 
step: 1731
1 2 5 
0 3 6 
7 4 8 
step: 1732
1 2 5 
3 0 6 
7 4 8 
step: 1733
1 2 5 
3 4 6 
7 8 0 
step: 1734
1 2 5 
3 4 6 
7 8 0 
step: 1735
1 2 0 
3 6 5 
7 4 8 
step: 1736
1 2 5 
3 4 6 
7 0 8 
step: 1737
1 2 5 
3 0 4 
7 8 6 
step: 1738
1 2 5 
0 3 6 
7 4 8 
step: 1739
1 2 5 
3 4 6 
7 8 0 
step: 1740
1 2 5 
3 4 6 
7 8 0 
step: 1741
1 2 0 
3 6 5 
7 4 8 
step: 1742
0 2 5 
1 3 6 
7 4 8 
step: 1743
1 2 5 
3 4 6 
7 8 0 
step: 1744
1 2 5 
3 4 6 
7 8 0 
step: 1745
1 2 5 
3 4 6 
7 0 8 
step: 1746
1 2 5 
0 3 4 
7 8 6 
step: 1747
1 2 5 
3 0 6 
7 4 8 
step: 1748
1 2 5 
7 3 6 
4 0 8 
step: 1749
1 2 5 
0 3 6 
7 4 8 
step: 1750
1 2 5 
3 4 6 
7 0 8 
step: 1751
1 2 5 
3 4 6 
7 0 8 
step: 1752
1 2 5 
7 3 6 
4 8 0 
step: 1753
1 2 5 
3 4 6 
7 8 0 
step: 1754
1 2 5 
3 4 6 
7 0 8 
step: 1755
1 6 2 
3 5 0 
7 4 8 
step: 1756
1 2 0 
3 4 5 
7 8 6 
step: 1757
1 2 5 
7 3 6 
4 8 0 
step: 1758
1 2 5 
3 4 6 
7 0 8 
step: 1759
1 2 0 
3 6 5 
7 4 8 
step: 1760
1 2 5 
7 3 6 
4 8 0 
step: 1761
1 2 5 
3 4 6 
7 0 8 
step: 1762
1 2 5 
3 4 6 
7 8 0 
step: 1763
1 2 5 
3 4 6 
7 8 0 
step: 1764
1 2 5 
0 3 6 
7 4 8 
step: 1765
1 2 5 
0 3 6 
7 4 8 
step: 1766
1 2 0 
3 6 5 
7 4 8 
step: 1767
3 1 5 
0 2 6 
7 4 8 
step: 1768
1 2 5 
3 4 6 
7 8 0 
step: 1769
1 2 0 
3 4 5 
7 8 6 
step: 1770
1 2 0 
3 4 5 
7 8 6 
step: 1771
1 2 5 
7 3 6 
4 8 0 
step: 1772
1 2 5 
3 4 6 
7 0 8 
step: 1773
1 2 5 
3 4 6 
7 0 8 
step: 1774
1 2 5 
7 8 3 
4 0 6 
step: 1775
1 2 0 
3 4 5 
7 8 6 
step: 1776
1 2 5 
3 0 6 
7 4 8 
step: 1777
1 2 5 
3 4 6 
7 8 0 
step: 1778
1 2 5 
3 0 6 
7 4 8 
step: 1779
1 2 0 
3 4 5 
7 8 6 
step: 1780
1 2 5 
3 0 6 
7 4 8 
step: 1781
1 2 0 
3 6 5 
7 4 8 
step: 1782
1 2 5 
0 3 6 
7 4 8 
step: 1783
1 2 5 
3 4 6 
7 8 0 
step: 1784
1 2 5 
7 3 6 
4 8 0 
step: 1785
1 2 5 
3 4 6 
7 8 0 
step: 1786
2 3 5 
1 4 6 
7 0 8 
step: 1787
1 2 5 
3 4 0 
7 8 6 
step: 1788
1 2 0 
3 6 5 
7 4 8 
step: 1789
1 2 5 
3 4 6 
7 8 0 
step: 1790
1 2 5 
3 4 6 
7 0 8 
step: 1791
1 2 5 
3 4 6 
7 8 0 
step: 1792
1 2 5 
3 4 6 
7 8 0 
step: 1793
1 2 5 
3 4 6 
7 0 8 
step: 1794
1 0 5 
3 2 6 
7 4 8 
step: 1795
2 3 5 
1 4 6 
7 0 8 
step: 1796
2 5 0 
1 3 6 
7 4 8 
step: 1797
1 2 5 
0 3 6 
7 4 8 
step: 1798
1 2 5 
3 4 6 
7 8 0 
step: 1799
1 2 5 
3 4 6 
7 8 0 
step: 1800
2 0 5 
1 3 6 
7 4 8 
step: 1801
1 5 0 
3 2 6 
7 4 8 
step: 1802
1 2 5 
3 4 6 
7 8 0 
step: 1803
1 2 5 
0 3 6 
7 4 8 
step: 1804
1 2 5 
3 4 6 
7 8 0 
step: 1805
1 2 5 
3 4 6 
7 0 8 
step: 1806
1 2 5 
0 3 6 
7 4 8 
step: 1807
1 2 5 
0 3 6 
7 4 8 
step: 1808
1 2 5 
3 4 0 
7 8 6 
step: 1809
1 2 5 
0 3 6 
7 4 8 
step: 1810
1 2 0 
3 6 5 
7 4 8 
step: 1811
0 2 5 
1 3 6 
7 4 8 
step: 1812
1 2 5 
3 4 6 
7 0 8 
step: 1813
1 2 5 
3 4 6 
7 8 0 
step: 1814
1 5 0 
3 2 6 
7 4 8 
step: 1815
2 5 0 
1 3 6 
7 4 8 
step: 1816
1 2 5 
3 0 6 
7 4 8 
step: 1817
1 2 5 
3 4 6 
7 8 0 
step: 1818
1 2 5 
3 4 6 
7 8 0 
step: 1819
1 2 5 
3 4 6 
7 0 8 
step: 1820
1 2 5 
7 3 6 
4 8 0 
step: 1821
1 2 5 
3 4 6 
7 8 0 
step: 1822
1 2 5 
3 0 6 
7 4 8 
step: 1823
1 2 5 
7 3 6 
4 8 0 
step: 1824
1 2 5 
3 4 6 
7 0 8 
step: 1825
1 2 5 
0 3 6 
7 4 8 
step: 1826
1 2 5 
3 4 6 
7 8 0 
step: 1827
1 2 5 
0 3 6 
7 4 8 
step: 1828
1 2 5 
7 3 6 
4 8 0 
step: 1829
1 2 5 
3 4 6 
7 0 8 
step: 1830
1 2 5 
0 3 6 
7 4 8 
step: 1831
1 2 5 
3 4 6 
7 0 8 
step: 1832
1 2 5 
3 4 6 
7 0 8 
step: 1833
1 2 5 
3 0 6 
7 4 8 
step: 1834
1 2 5 
3 4 6 
7 8 0 
step: 1835
1 2 5 
3 4 6 
7 0 8 
step: 1836
1 2 5 
7 3 6 
4 8 0 
step: 1837
2 5 0 
1 3 6 
7 4 8 
step: 1838
1 2 5 
3 4 6 
7 8 0 
step: 1839
1 2 0 
4 6 5 
3 7 8 
step: 1840
1 2 5 
3 4 6 
7 8 0 
step: 1841
1 2 5 
3 0 6 
7 4 8 
step: 1842
1 2 5 
7 3 0 
4 8 6 
step: 1843
1 2 5 
3 4 6 
7 0 8 
step: 1844
1 2 5 
3 4 6 
7 8 0 
step: 1845
1 2 5 
3 4 6 
7 8 0 
step: 1846
1 2 5 
3 4 6 
7 0 8 
step: 1847
1 2 5 
3 4 6 
7 0 8 
step: 1848
1 2 5 
3 4 6 
7 8 0 
step: 1849
1 2 5 
3 4 6 
7 0 8 
step: 1850
1 2 5 
3 4 6 
7 8 0 
step: 1851
1 2 5 
3 4 6 
7 8 0 
step: 1852
1 2 5 
7 0 3 
4 8 6 
step: 1853
1 2 5 
7 3 6 
4 0 8 
step: 1854
1 2 5 
7 3 6 
4 0 8 
step: 1855
0 2 5 
1 3 6 
7 4 8 
step: 1856
1 2 5 
3 4 6 
7 8 0 
step: 1857
1 2 5 
0 3 6 
7 4 8 
step: 1858
1 2 5 
3 4 6 
7 0 8 
step: 1859
1 0 5 
3 2 6 
7 4 8 
step: 1860
1 2 5 
3 0 6 
7 4 8 
step: 1861
1 2 5 
7 3 6 
4 0 8 
step: 1862
1 2 0 
7 3 5 
4 8 6 
step: 1863
1 2 5 
3 4 6 
7 8 0 
step: 1864
1 2 5 
3 4 6 
7 0 8 
step: 1865
2 5 6 
1 4 3 
7 8 0 
step: 1866
1 2 5 
7 3 6 
4 0 8 
step: 1867
1 2 5 
3 4 6 
7 8 0 
step: 1868
1 2 5 
3 4 6 
7 8 0 
step: 1869
1 2 5 
0 3 6 
7 4 8 
step: 1870
1 5 0 
3 2 6 
7 4 8 
step: 1871
1 2 5 
0 3 4 
7 8 6 
step: 1872
1 2 5 
0 3 6 
7 4 8 
step: 1873
1 2 5 
3 4 6 
7 8 0 
step: 1874
1 2 5 
0 3 6 
7 4 8 
step: 1875
1 2 5 
3 4 6 
7 0 8 
step: 1876
1 2 5 
3 4 6 
7 8 0 
step: 1877
1 2 5 
7 3 6 
4 8 0 
step: 1878
1 2 5 
0 3 6 
7 4 8 
step: 1879
1 5 0 
3 2 6 
7 4 8 
step: 1880
1 2 5 
3 4 6 
7 8 0 
step: 1881
1 2 5 
3 0 6 
7 4 8 
step: 1882
1 2 5 
0 3 6 
7 4 8 
step: 1883
1 2 5 
3 4 6 
7 8 0 
step: 1884
1 2 0 
3 6 5 
7 4 8 
step: 1885
1 2 5 
3 4 6 
7 8 0 
step: 1886
1 2 5 
0 3 6 
7 4 8 
step: 1887
1 2 5 
3 4 6 
7 8 0 
step: 1888
1 2 0 
3 4 5 
7 8 6 
step: 1889
1 2 5 
3 4 6 
7 8 0 
step: 1890
2 3 5 
1 4 6 
7 8 0 
step: 1891
1 2 5 
3 4 6 
7 0 8 
step: 1892
1 2 5 
3 4 6 
7 8 0 
step: 1893
1 2 5 
7 3 6 
4 0 8 
step: 1894
1 2 5 
0 3 6 
7 4 8 
step: 1895
1 2 5 
7 3 6 
4 8 0 
step: 1896
1 2 5 
3 4 6 
7 8 0 
step: 1897
1 2 0 
7 3 5 
4 8 6 
step: 1898
1 2 5 
0 3 6 
7 4 8 
step: 1899
1 2 0 
3 4 5 
7 8 6 
step: 1900
1 2 5 
3 4 6 
7 8 0 
step: 1901
1 2 5 
7 3 6 
4 0 8 
step: 1902
1 5 0 
3 2 6 
7 4 8 
step: 1903
1 2 5 
7 0 3 
4 8 6 
step: 1904
1 2 5 
3 4 6 
7 8 0 
step: 1905
1 2 5 
3 4 6 
7 8 0 
step: 1906
1 2 5 
3 4 0 
7 8 6 
step: 1907
1 2 5 
3 4 6 
7 8 0 
step: 1908
1 2 5 
0 3 6 
7 4 8 
step: 1909
1 2 5 
3 4 6 
7 0 8 
step: 1910
1 2 5 
3 4 6 
7 8 0 
step: 1911
1 2 5 
7 3 6 
4 0 8 
step: 1912
1 2 5 
3 0 6 
7 4 8 
step: 1913
1 2 0 
7 3 5 
4 8 6 
step: 1914
1 2 5 
0 3 6 
7 4 8 
step: 1915
1 2 5 
3 4 6 
7 8 0 
step: 1916
1 2 5 
3 4 6 
7 0 8 
step: 1917
1 2 5 
3 0 6 
7 4 8 
step: 1918
1 2 5 
0 3 6 
7 4 8 
step: 1919
1 2 5 
0 3 6 
7 4 8 
step: 1920
1 2 5 
3 4 6 
7 0 8 
step: 1921
2 3 5 
1 4 6 
7 8 0 
step: 1922
1 2 5 
3 0 6 
7 4 8 
step: 1923
1 2 5 
0 3 6 
7 4 8 
step: 1924
1 2 5 
7 3 6 
4 0 8 
step: 1925
1 2 5 
7 3 6 
4 0 8 
step: 1926
1 2 5 
3 0 6 
7 4 8 
step: 1927
1 2 5 
3 4 6 
7 8 0 
step: 1928
1 2 5 
3 4 6 
7 8 0 
step: 1929
1 2 5 
7 3 6 
4 8 0 
step: 1930
1 2 5 
3 4 6 
7 8 0 
step: 1931
1 2 5 
0 4 6 
3 7 8 
step: 1932
1 2 5 
3 4 6 
7 8 0 
step: 1933
1 2 5 
3 4 6 
7 0 8 
step: 1934
1 2 5 
3 4 6 
7 8 0 
step: 1935
1 2 5 
7 3 6 
4 0 8 
step: 1936
1 2 5 
3 4 0 
7 8 6 
step: 1937
1 2 5 
7 3 6 
4 8 0 
step: 1938
1 2 5 
0 3 6 
7 4 8 
step: 1939
1 2 5 
3 4 6 
7 8 0 
step: 1940
1 2 5 
0 3 6 
7 4 8 
step: 1941
1 2 5 
3 4 6 
7 8 0 
step: 1942
1 2 5 
3 4 6 
7 8 0 
step: 1943
1 2 5 
3 4 6 
7 8 0 
step: 1944
1 2 5 
3 0 6 
7 4 8 
step: 1945
1 2 5 
3 4 6 
7 0 8 
step: 1946
1 2 5 
3 4 6 
7 8 0 
step: 1947
1 2 5 
3 4 6 
7 8 0 
step: 1948
1 2 5 
0 3 6 
7 4 8 
step: 1949
2 3 5 
1 4 6 
7 8 0 
step: 1950
1 2 5 
0 3 6 
7 4 8 
step: 1951
1 2 0 
3 4 5 
7 8 6 
step: 1952
1 2 5 
3 4 6 
7 8 0 
step: 1953
1 2 5 
0 3 6 
7 4 8 
step: 1954
1 5 0 
3 2 6 
7 4 8 
step: 1955
1 2 5 
0 3 6 
7 4 8 
step: 1956
1 2 5 
0 3 6 
7 4 8 
step: 1957
2 5 0 
1 3 6 
7 4 8 
step: 1958
1 2 5 
3 4 6 
7 0 8 
step: 1959
1 2 5 
3 4 6 
7 8 0 
step: 1960
1 2 5 
0 3 6 
7 4 8 
step: 1961
1 2 5 
3 4 6 
7 0 8 
step: 1962
1 2 5 
3 4 0 
7 8 6 
step: 1963
1 2 5 
3 4 6 
7 0 8 
step: 1964
2 0 3 
1 6 5 
7 4 8 
step: 1965
1 2 5 
0 3 6 
7 4 8 
step: 1966
1 2 5 
0 3 6 
7 4 8 
step: 1967
1 2 5 
3 4 6 
7 8 0 
step: 1968
1 2 5 
3 4 6 
7 8 0 
step: 1969
1 2 5 
3 0 6 
7 4 8 
step: 1970
1 2 5 
7 3 6 
4 8 0 
step: 1971
1 2 5 
0 3 6 
7 4 8 
step: 1972
1 2 5 
3 4 6 
7 0 8 
step: 1973
1 2 5 
3 4 6 
7 0 8 
step: 1974
1 2 5 
3 4 6 
7 0 8 
step: 1975
1 2 5 
7 3 6 
4 8 0 
step: 1976
1 2 5 
3 0 6 
7 4 8 
step: 1977
1 2 5 
3 4 6 
7 8 0 
step: 1978
1 2 5 
3 0 6 
7 4 8 
step: 1979
1 2 5 
3 4 6 
7 8 0 
step: 1980
0 2 3 
1 4 5 
7 8 6 
step: 1981
1 2 5 
3 4 6 
7 0 8 
step: 1982
2 3 5 
1 4 6 
7 8 0 
step: 1983
1 2 5 
0 3 6 
7 4 8 
step: 1984
1 2 5 
3 4 6 
7 0 8 
step: 1985
1 2 3 
0 4 5 
7 8 6 
step: 1986
1 2 5 
3 4 6 
7 0 8 
step: 1987
1 2 5 
3 4 6 
7 0 8 
step: 1988
1 2 5 
0 3 6 
7 4 8 
step: 1989
1 2 5 
0 3 6 
7 4 8 
step: 1990
1 2 5 
3 4 6 
7 8 0 
step: 1991
1 2 5 
3 4 6 
7 8 0 
step: 1992
1 2 0 
3 4 5 
7 8 6 
step: 1993
1 2 5 
7 0 3 
4 8 6 
step: 1994
1 2 5 
0 3 6 
7 4 8 
step: 1995
1 2 5 
3 4 6 
7 0 8 
step: 1996
1 2 5 
7 3 6 
0 4 8 
step: 1997
1 2 5 
3 4 6 
7 0 8 
step: 1998
1 2 5 
3 4 6 
7 8 0 
step: 1999
1 2 5 
3 4 6 
7 8 0 
step: 2000
1 2 5 
3 4 6 
7 8 0 
step: 2001
1 2 5 
3 4 6 
7 8 0 
step: 2002
1 2 5 
3 4 6 
7 8 0 
step: 2003
1 2 5 
3 4 6 
7 0 8 
step: 2004
1 2 5 
7 3 6 
4 8 0 
step: 2005
0 2 6 
1 5 3 
7 4 8 
step: 2006
1 2 5 
0 3 6 
7 4 8 
step: 2007
1 2 5 
7 3 6 
4 0 8 
step: 2008
1 2 5 
3 4 6 
7 8 0 
step: 2009
1 2 5 
0 3 6 
7 4 8 
step: 2010
1 2 5 
0 3 6 
7 4 8 
step: 2011
1 2 5 
7 3 6 
4 0 8 
step: 2012
1 2 5 
0 3 6 
7 4 8 
step: 2013
1 2 5 
0 3 6 
7 4 8 
step: 2014
1 2 5 
3 0 6 
7 4 8 
step: 2015
1 2 5 
7 3 6 
4 8 0 
step: 2016
1 2 5 
7 3 6 
4 8 0 
step: 2017
1 5 0 
3 2 6 
7 4 8 
step: 2018
1 2 0 
3 4 5 
7 8 6 
step: 2019
1 2 5 
3 4 6 
7 0 8 
step: 2020
1 2 0 
3 4 5 
7 8 6 
step: 2021
1 2 5 
3 4 6 
7 8 0 
step: 2022
1 2 5 
3 0 6 
7 4 8 
step: 2023
1 2 5 
3 4 6 
7 8 0 
step: 2024
1 2 5 
7 3 6 
4 8 0 
step: 2025
1 2 5 
3 4 6 
7 8 0 
step: 2026
1 2 5 
3 4 6 
7 0 8 
step: 2027
1 2 5 
3 4 6 
7 0 8 
step: 2028
1 2 5 
3 4 6 
7 8 0 
step: 2029
1 2 6 
0 5 3 
7 4 8 
step: 2030
1 2 5 
3 4 6 
7 8 0 
step: 2031
1 2 5 
3 4 6 
7 0 8 
step: 2032
1 2 5 
3 4 6 
7 8 0 
step: 2033
1 2 5 
7 3 6 
4 0 8 
step: 2034
1 2 5 
3 4 6 
7 0 8 
step: 2035
1 2 0 
3 6 5 
7 4 8 
step: 2036
1 2 5 
3 4 6 
7 8 0 
step: 2037
1 2 5 
0 3 6 
7 4 8 
step: 2038
1 2 5 
3 4 6 
7 8 0 
step: 2039
1 2 5 
3 4 6 
7 8 0 
step: 2040
1 2 5 
0 3 6 
7 4 8 
step: 2041
1 2 5 
0 3 6 
7 4 8 
step: 2042
1 2 5 
0 3 6 
7 4 8 
step: 2043
1 2 5 
0 3 6 
7 4 8 
step: 2044
1 2 5 
7 3 6 
4 8 0 
step: 2045
0 2 5 
1 3 6 
7 4 8 
step: 2046
1 2 5 
0 3 6 
7 4 8 
step: 2047
1 2 5 
0 3 6 
7 4 8 
step: 2048
1 2 5 
3 4 6 
7 8 0 
step: 2049
1 2 5 
3 4 6 
7 0 8 
step: 2050
1 2 5 
0 3 6 
7 4 8 
step: 2051
1 2 5 
0 3 6 
7 4 8 
step: 2052
1 2 5 
0 3 6 
7 4 8 
step: 2053
1 2 5 
7 3 6 
4 8 0 
step: 2054
1 2 5 
3 4 6 
7 8 0 
step: 2055
1 2 5 
3 4 6 
7 8 0 
step: 2056
1 2 5 
3 4 6 
7 8 0 
step: 2057
1 2 5 
0 3 6 
7 4 8 
step: 2058
1 2 5 
0 3 6 
7 4 8 
step: 2059
1 2 5 
7 3 6 
4 8 0 
step: 2060
1 2 5 
4 0 6 
3 7 8 
step: 2061
1 2 5 
3 4 6 
7 8 0 
step: 2062
1 2 5 
3 4 6 
7 8 0 
step: 2063
1 2 5 
3 4 6 
7 8 0 
step: 2064
1 2 5 
3 4 6 
7 8 0 
step: 2065
1 2 5 
0 3 6 
7 4 8 
step: 2066
1 2 5 
7 3 6 
4 8 0 
step: 2067
1 2 5 
3 4 6 
7 8 0 
step: 2068
1 2 5 
3 4 6 
7 0 8 
step: 2069
1 2 5 
0 3 6 
7 4 8 
step: 2070
1 5 0 
3 2 6 
7 4 8 
step: 2071
1 2 5 
3 4 6 
7 8 0 
step: 2072
1 2 5 
3 4 6 
7 8 0 
step: 2073
1 2 5 
3 4 6 
7 0 8 
step: 2074
2 3 5 
1 0 6 
7 4 8 
step: 2075
1 2 5 
3 4 6 
7 8 0 
step: 2076
1 2 5 
3 4 6 
7 0 8 
step: 2077
1 2 5 
3 4 6 
7 8 0 
step: 2078
1 2 0 
3 4 5 
7 8 6 
step: 2079
0 2 3 
1 6 5 
7 4 8 
step: 2080
1 2 5 
3 4 6 
7 8 0 
step: 2081
1 2 5 
3 4 6 
7 8 0 
step: 2082
1 2 5 
3 4 6 
7 8 0 
step: 2083
1 2 5 
0 3 6 
7 4 8 
step: 2084
1 2 5 
3 4 6 
7 8 0 
step: 2085
1 2 5 
3 4 6 
7 8 0 
step: 2086
1 2 5 
0 3 6 
7 4 8 
step: 2087
1 2 5 
0 3 6 
7 4 8 
step: 2088
1 2 5 
0 3 6 
7 4 8 
step: 2089
1 2 5 
7 3 6 
4 8 0 
step: 2090
1 2 5 
3 4 6 
7 0 8 
step: 2091
1 2 5 
0 3 6 
7 4 8 
step: 2092
1 2 3 
4 0 5 
7 8 6 
step: 2093
1 2 5 
7 3 6 
4 8 0 
step: 2094
1 2 5 
3 4 6 
7 0 8 
step: 2095
2 5 0 
1 3 6 
7 4 8 
step: 2096
2 3 5 
1 4 6 
7 0 8 
step: 2097
1 0 2 
3 4 5 
7 8 6 
step: 2098
1 2 0 
3 4 5 
7 8 6 
step: 2099
1 2 5 
3 4 6 
7 8 0 
step: 2100
1 2 5 
3 4 6 
7 8 0 
step: 2101
1 2 5 
3 4 6 
7 8 0 
step: 2102
1 2 5 
7 3 6 
4 8 0 
step: 2103
1 2 0 
3 4 5 
7 8 6 
step: 2104
1 2 5 
0 3 6 
7 4 8 
step: 2105
1 2 5 
3 4 6 
0 7 8 
step: 2106
1 2 5 
3 4 6 
7 8 0 
step: 2107
1 2 3 
4 5 0 
7 8 6 
step: 2108
1 2 5 
3 4 6 
7 8 0 
step: 2109
1 2 5 
3 4 6 
7 0 8 
step: 2110
1 2 5 
3 0 6 
7 4 8 
step: 2111
1 2 5 
3 4 6 
7 8 0 
step: 2112
1 2 5 
3 4 6 
7 8 0 
step: 2113
1 2 5 
0 3 6 
7 4 8 
step: 2114
1 2 5 
7 3 6 
4 8 0 
step: 2115
1 2 5 
3 4 6 
7 8 0 
step: 2116
1 2 5 
3 4 6 
7 0 8 
step: 2117
1 2 5 
7 3 6 
4 8 0 
step: 2118
1 2 5 
3 4 6 
7 8 0 
step: 2119
1 2 5 
7 3 6 
4 8 0 
step: 2120
1 2 5 
3 4 6 
7 8 0 
step: 2121
1 2 5 
3 4 6 
7 0 8 
step: 2122
1 2 5 
3 4 6 
7 8 0 
step: 2123
1 2 5 
3 4 6 
7 8 0 
step: 2124
1 2 5 
3 4 6 
7 0 8 
step: 2125
1 2 5 
3 4 0 
7 8 6 
step: 2126
1 2 5 
3 4 6 
7 8 0 
step: 2127
1 2 0 
3 4 5 
7 8 6 
step: 2128
1 2 5 
3 4 6 
7 0 8 
step: 2129
1 2 5 
3 4 6 
7 8 0 
step: 2130
1 2 5 
3 4 6 
7 8 0 
step: 2131
1 2 5 
3 4 6 
7 8 0 
step: 2132
1 2 5 
3 4 6 
7 8 0 
step: 2133
2 3 5 
1 4 6 
7 8 0 
step: 2134
1 2 5 
3 4 6 
7 0 8 
step: 2135
1 2 5 
3 4 6 
7 0 8 
step: 2136
1 2 5 
3 4 6 
7 8 0 
step: 2137
1 2 5 
3 4 6 
7 8 0 
step: 2138
1 2 5 
3 4 6 
7 8 0 
step: 2139
1 2 0 
3 4 5 
7 8 6 
step: 2140
1 2 5 
3 4 6 
7 8 0 
step: 2141
1 2 3 
4 5 6 
7 8 0 

usr time: 8.203404 s 
